0000
0000
0000
0000
0000
0000
0000
0000
0000
0000
0000
0000
0000
0000
0000
0000
0000
0000
0000
0000
0000
0000
0000
0000
0000
0000
0000
0000
0000	#padding
0000	#padding
0000	#padding
0000	#padding
0000
0000
0000
0000
0000
0000
0000
0000
0000
0000
0000
0000
0000
0000
0000
0000
0000
0000
0000
0000
0000
0000
0000
0000
0000
0000
0000
0000
0000	#padding
0000	#padding
0000	#padding
0000	#padding
0000
0000
0000
0000
0000
0000
0000
0000
0000
0000
0000
0000
0000
0000
0000
0000
0000
0000
0000
0000
0000
0000
0000
0000
0000
0000
0000
0000
0000	#padding
0000	#padding
0000	#padding
0000	#padding
0000
0000
0000
0000
0000
0000
0000
0000
0000
0000
0000
0000
0000
0000
0000
0000
0000
0000
0000
0000
0000
0000
0000
0000
0000
0000
0000
0000
0000	#padding
0000	#padding
0000	#padding
0000	#padding
0000
0000
0000
0000
0000
0000
0000
0000
0000
0000
0000
0000
0000
0000
0000
0000
0000
0198
04F8
07E8
04F8
0190
0000
0000
0000
0000
0000
0000
0000	#padding
0000	#padding
0000	#padding
0000	#padding
0000
0000
0000
0000
0000
0000
0000
0000
0000
0000
0000
0000
0000
0000
0000
0000
0180
0770
07E0
07E0
07E0
0768
0000
0000
0000
0000
0000
0000
0000	#padding
0000	#padding
0000	#padding
0000	#padding
0000
0000
0000
0000
0000
0000
0000
0000
0000
0000
0000
0000
0000
0000
0000
01B0
0718
07E8
07E0
0778
0748
07E0
01C8
0030
0000
0000
0000
0000
0000	#padding
0000	#padding
0000	#padding
0000	#padding
0000
0000
0000
0000
0000
0000
0000
0000
0000
0000
0000
0000
0000
0050
01E0
0700
07E0
07E8
07E0
0650
02A0
07E0
07E8
03D0
0000
0000
0000
0000
0000	#padding
0000	#padding
0000	#padding
0000	#padding
0000
0000
0000
0000
0000
0000
0000
0000
0000
0000
0000
0000
0000
0518
07E0
07E0
07E0
07E8
07E0
07E0
0300
05E8
07E8
0538
0000
0000
0000
0000
0000	#padding
0000	#padding
0000	#padding
0000	#padding
0000
0000
0000
0000
0000
0000
0000
0000
0000
0000
0000
0000
0198
0770
07E8
07E8
05F0
0390
07E8
0720
0178
0278
07F8
0540
0000
0000
0000
0000
0000	#padding
0000	#padding
0000	#padding
0000	#padding
0000
0000
0000
0000
0000
0000
0000
0000
0000
0000
0000
0180
0770
07E0
07E0
0598
0060
0258
03C8
00A8
0000
0000
07E8
0798
0190
0000
0000
0000
0000	#padding
0000	#padding
0000	#padding
0000	#padding
0000
0000
0000
0000
0000
0000
0000
0000
0000
0000
0130
0528
07E8
0748
0680
02A0
0000
0000
0000
0000
0000
0000
07E8
07E0
0528
0000
0000
0000
0000	#padding
0000	#padding
0000	#padding
0000	#padding
0000
0000
0000
0000
0000
0000
0000
0000
0000
0038
0590
07E0
0780
0238
0098
00E0
0000
0000
0000
0000
0000
0000
07E8
07E0
0618
0000
0000
0000
0000	#padding
0000	#padding
0000	#padding
0000	#padding
0000
0000
0000
0000
0000
0000
0000
0000
0000
01C8
07E0
07E0
01F8
0000
0000
0000
0000
0000
0000
0000
0000
0000
07E8
07E0
0618
0000
0000
0000
0000	#padding
0000	#padding
0000	#padding
0000	#padding
0000
0000
0000
0000
0000
0000
0000
0000
0000
0630
07E8
05F0
0000
0000
0000
0000
0000
0000
0000
0000
0000
0000
07F8
07E8
0620
0000
0000
0000
0000	#padding
0000	#padding
0000	#padding
0000	#padding
0000
0000
0000
0000
0000
0000
0000
0000
0260
07B0
07E0
0380
0000
0000
0000
0000
0000
0000
0000
0000
0000
0000
07E8
07E0
04A0
0000
0000
0000
0000	#padding
0000	#padding
0000	#padding
0000	#padding
0000
0000
0000
0000
0000
0000
0000
0000
02A8
07E0
0730
00C8
0000
0000
0000
0000
0000
0000
0000
0000
0038
0438
07E8
05D0
0060
0000
0000
0000
0000	#padding
0000	#padding
0000	#padding
0000	#padding
0000
0000
0000
0000
0000
0000
0000
0000
02A8
07E0
06F8
0000
0000
0000
0000
0000
0000
0000
0000
0038
0418
07E0
0708
0238
0000
0000
0000
0000
0000	#padding
0000	#padding
0000	#padding
0000	#padding
0000
0000
0000
0000
0000
0000
0000
0000
02A8
07E0
0488
0000
0000
0000
0000
0000
0000
0000
0180
0528
07E0
0568
0000
0000
0000
0000
0000
0000
0000	#padding
0000	#padding
0000	#padding
0000	#padding
0000
0000
0000
0000
0000
0000
0000
0000
02B0
07E8
0708
0000
0000
0000
0000
0000
0000
0390
0770
07E8
0510
0000
0000
0000
0000
0000
0000
0000
0000	#padding
0000	#padding
0000	#padding
0000	#padding
0000
0000
0000
0000
0000
0000
0000
0000
02A8
07E0
07C8
0490
0180
00E8
02A8
0590
0708
07E8
06F8
0538
01C0
0000
0000
0000
0000
0000
0000
0000
0000	#padding
0000	#padding
0000	#padding
0000	#padding
0000
0000
0000
0000
0000
0000
0000
0000
02A8
07E0
07E0
07E0
0728
06B8
07E0
07E0
07E0
0620
0410
0000
0000
0000
0000
0000
0000
0000
0000
0000
0000	#padding
0000	#padding
0000	#padding
0000	#padding
0000
0000
0000
0000
0000
0000
0000
0000
00E0
0638
07E0
07E0
07E8
07E0
07E0
0748
0488
0000
0000
0000
0000
0000
0000
0000
0000
0000
0000
0000
0000	#padding
0000	#padding
0000	#padding
0000	#padding
0000
0000
0000
0000
0000
0000
0000
0000
0000
00C8
0400
07E0
07E8
07E0
0468
0128
0000
0000
0000
0000
0000
0000
0000
0000
0000
0000
0000
0000
0000	#padding
0000	#padding
0000	#padding
0000	#padding
0000
0000
0000
0000
0000
0000
0000
0000
0000
0000
0000
0000
0000
0000
0000
0000
0000
0000
0000
0000
0000
0000
0000
0000
0000
0000
0000
0000
0000	#padding
0000	#padding
0000	#padding
0000	#padding
0000
0000
0000
0000
0000
0000
0000
0000
0000
0000
0000
0000
0000
0000
0000
0000
0000
0000
0000
0000
0000
0000
0000
0000
0000
0000
0000
0000
0000	#padding
0000	#padding
0000	#padding
0000	#padding
0000
0000
0000
0000
0000
0000
0000
0000
0000
0000
0000
0000
0000
0000
0000
0000
0000
0000
0000
0000
0000
0000
0000
0000
0000
0000
0000
0000
0000	#padding
0000	#padding
0000	#padding
0000	#padding
0000
0000
0000
0000
0000
0000
0000
0000
0000
0000
0000
0000
0000
0000
0000
0000
0000
0000
0000
0000
0000
0000
0000
0000
0000
0000
0000
0000
0000	#padding
0000	#padding
0000	#padding
0000	#padding
