-0.6657234430
-1.5713249445
-1.6148526669
0.5646250844
2.9819724560
2.3293354511
0.3254080415
-1.5456624031

-1.2302100658
-1.3309776783
1.0244441032
2.8877997398
2.3259158134
-0.5103021264
-2.4493868351
-2.8787279129

-1.4265857935
0.2169510573
2.5810840130
1.1740555763
-1.6978549957
-3.8491630554
-3.4862227440
-3.3083040714

-0.5567187071
1.0981787443
0.9097971916
-1.4452821016
-3.7190518379
-3.7028923035
-2.4660406113
-1.3460177183

-0.1928358674
0.0103456229
-0.5684105754
-2.4438786507
-3.5600538254
-2.5257744789
-1.0142637491
-0.1279949248

-1.1633384228
-2.0771517754
-1.9856967926
-3.9883260727
-3.8647646904
-1.4264229536
0.1031322181
-0.1673209518

-1.3326842785
-2.5660271645
-2.3033967018
-3.0370159149
-1.2903045416
0.9029103518
0.5667194724
-1.4397846460

0.4762619734
0.7141034007
1.3668335676
2.1687264442
2.9020659924
1.0464550257
-1.0139988661
-1.3888401985


0.4435850978
0.6087060571
0.3301961422
0.7139614224
0.3523227274
-1.7415426970
-3.5310127735
-2.9736938477

0.6754032969
0.6057153940
0.6689547896
0.9666300416
-0.6865565777
-1.9257897139
-2.5783798695
-2.8204505444

0.6631731391
0.9597680569
1.2240371704
-0.6232082248
-2.0449430943
-0.6122861505
0.0292938761
-1.8695021868

0.6584240198
1.1906543970
0.1313910484
-2.1956126690
-1.4497117996
1.1709623337
1.2130833864
-0.9994623661

0.6788008809
1.3493566513
-1.7807475328
-2.1095881462
-0.0675261915
1.1384832859
1.5983840227
-0.1081841141

0.2310100198
-0.1289153695
-2.5498619080
-1.3746876717
-0.4365938008
0.3125695884
1.2842712402
-0.6965703964

-0.0530797578
-0.9484702349
-2.5446765423
-1.0335021019
-0.5180851221
-0.4034118354
-0.3173123598
-1.9177782536

0.4908719957
-0.8263555169
-2.4850013256
-0.8186732531
-0.5678898096
-1.0234543085
-1.6010859013
-1.3776526451


-1.1593732834
-1.3553576469
-1.3423719406
-0.5617415309
0.6004108191
1.6152222157
1.4500377178
-0.6083691120

-1.2750654221
-1.0399731398
-0.1799694449
0.0574380904
0.5610652566
1.9820737839
2.9877085686
2.3188655376

-1.0716896057
-0.5104416013
0.0102235824
-0.2341901511
0.0845182091
0.8586344123
1.3861296177
1.0244354010

-0.7426645160
-0.8573302627
-1.2318820953
-1.0241924524
-1.6499426365
-2.0575017929
-1.9060530663
-0.8894827962

-0.9619182944
-1.7181559801
-1.9809582233
-2.4317045212
-2.6917705536
-2.9682927132
-2.6217205524
-0.7323142290

-1.3658838272
-1.8494009972
-2.3845314980
-2.2146263123
-1.6493954659
-1.3544082642
-1.9080002308
-1.2976560593

-1.2613053322
-2.1630659103
-2.4654157162
-1.5664553642
-0.7530355453
-0.8226752877
-2.2298569679
-1.4700607061

0.0994426757
-0.1524748057
-0.6741025448
-0.4048150778
-0.3716936111
-0.6530860066
0.0520348996
-0.1596357375


-0.6059342623
-0.3543298841
-0.6024841666
-2.0467216969
-2.0954043865
-0.2745012045
1.7098693848
0.4853497148

-0.3798043132
-0.4315212965
-1.6584804058
-1.9123021364
0.4144744873
2.0730013847
1.5558397770
-0.6298581362

-0.5927774310
-1.3901468515
-1.5360918045
0.4734482169
2.0166957378
0.0792423040
-2.1370394230
-1.8145895004

-0.7039322853
-0.8372179866
0.2099229544
0.7572970986
-0.9463645816
-3.5297656059
-2.5340392590
-0.5440530777

-0.7638396621
-0.1714907438
-0.2268745750
-2.1692140102
-3.0216538906
-2.1546235085
-0.2820864916
-0.3238377869

0.2027105540
0.5739095807
-1.0205087662
-2.1481633186
-1.6793481112
-1.9108351469
-2.4115405083
-0.5089253783

1.0247644186
0.8480195999
-1.0498380661
-3.0853195190
-3.6560540199
-3.1203961372
-0.2939410210
2.1248762608

0.0865754485
0.0069546998
-0.8199742436
-1.5272067785
0.2467959374
2.7920341492
3.8868994713
1.4230786562


0.2670768797
0.6609360576
0.5159706473
-0.7773755193
-2.4122102261
-1.9203931093
-0.3474931419
0.2533234060

0.4973475039
0.3823076487
-1.0049203634
-1.6507817507
-1.1041105986
1.0009046793
1.1315610409
0.2072622776

0.2615490258
-0.3412909806
-1.1103609800
-0.3157655597
0.5101226568
0.6880857348
-1.3346439600
-1.7306382656

-0.3048765957
-0.6940771937
-0.4075958431
-0.6417543292
-1.4186202288
-1.5853613615
-1.1831977367
-1.0833598375

-0.4763089716
-0.3112420142
-0.3604275286
-1.4420174360
-1.0744744539
0.4788161814
0.2570323348
-1.3779107332

-0.1386736035
-0.1245045736
-0.9002217650
-0.9228804708
-0.1708795130
-0.5718606114
-2.0255508423
-2.5296971798

-0.5347062349
-0.9055430889
-1.7562493086
-3.5843245983
-4.1275644302
-3.5287811756
-1.4913665056
0.4228455722

-1.3190623522
-2.0772056580
-2.0816142559
-1.9298139811
-0.5591693521
1.7857501507
3.0468895435
0.5288229585


-0.1265483648
-1.2200012207
-2.9588437080
-2.9604043961
0.2036159039
2.1274228096
0.0209038854
-2.3503417969

-0.8747402430
-2.8486318588
-3.2210140228
0.7024248838
2.3658795357
0.4864791036
-2.6828136444
-2.8076291084

-2.1399292946
-3.3841705322
0.4575169086
3.0931382179
-0.0269454420
-2.4898915291
-3.9060487747
-1.3395932913

-3.2728457451
-1.2511968613
3.3930144310
1.2282290459
-3.0428028107
-2.8231091499
-4.1523032188
-0.0067945123

-2.8372626305
1.7970165014
2.2773084641
-2.3091011047
-3.3661742210
-3.3375434875
-4.2040572166
1.8342676163

-1.8833130598
2.2748379707
-0.3944476545
-3.3412766457
-3.5828428268
-3.5891184807
-1.8948546648
3.5378565788

-1.0405217409
1.2073178291
-1.3388576508
-2.4598350525
-2.7406601906
-1.2788355350
0.7371783257
1.5343698263

-0.3243016303
0.5503034592
-1.5604568720
-1.7402008772
-0.8557745814
-0.1731163561
-0.3548057377
-1.4382278919


-0.0444490500
0.2229476869
0.6196525693
-0.1931579858
-1.3948831558
-2.2927498817
-2.5300686359
-1.1057672501

0.2147674561
0.2276323736
-0.9508984685
-1.9518047571
-3.3776607513
-4.6426777840
-4.5285301208
-1.8689465523

-0.0402619876
-0.8012254238
-1.9389698505
-2.3881814480
-3.3069670200
-3.5956282616
-3.2943749428
-1.5114880800

-0.4493452013
-0.8598915935
-0.9128029346
-2.5523483753
-2.4822072983
-1.2432899475
-1.2953981161
-1.5995483398

-1.2637708187
-1.4317300320
-1.9349598885
-2.7074575424
-1.0877429247
0.0442336760
-0.9230753779
-1.8027359247

0.0147887133
0.6186549067
0.2083503902
0.5560377836
2.0158255100
1.1520475149
-0.1829182804
-1.2313390970

0.4079701006
2.7348227501
4.2799835205
4.0468964577
2.7354912758
0.3589258194
-0.3902496994
-1.6358382702

-2.8572497368
-2.7827157974
-1.8887735605
-1.9844977856
-2.0518016815
-2.1989765167
-2.4559667110
-2.1973242760


-0.3078773916
-0.8971181512
-1.0528804064
-0.7578976154
-0.8075448871
-1.3689489365
-0.7869848013
1.1338679790

-0.7149858475
-0.9013097882
-0.8598288298
-0.3463818133
-0.9424594641
-2.0081920624
-2.8856575489
-0.7275741696

-0.8709907532
-0.9238772988
-0.8859744072
-1.1214537621
-1.1422200203
-1.6778552532
-2.7387795448
-2.3624358177

-0.7240221500
-0.7793767452
-0.7719206810
-1.3902773857
-1.0614241362
-0.5836764574
-1.2771606445
-2.9077472687

-0.8286981583
-0.9047669172
-0.3070934117
-1.2282108068
-1.5644338131
-0.6118460298
-0.0578991212
-2.4316337109

-0.8070648909
-1.5934412479
-0.1482153982
-1.5972759724
-1.6140155792
-0.2222858071
0.6513314843
-1.6560273170

-1.1943063736
-1.8487080336
1.3209780455
-0.0995629877
-1.3650209904
-0.5802785754
-0.0584331639
-1.5410306454

-1.5837855339
-2.0614790916
2.7441751957
2.3266565800
-1.2666732073
-1.6691391468
-1.4023365974
-1.0606122017


-0.2701500952
-1.1028523445
-1.9951844215
-2.8320910931
-2.4651439190
0.3747784793
1.3958860636
0.6106727719

-0.7683722377
-1.2830508947
-2.1275806427
-2.2176980972
0.7470415235
3.1546885967
1.0115268230
0.6989392638

-0.8618634939
-1.4634858370
-2.1871128082
0.1416764855
2.2295508385
1.2658063173
-0.5672276616
-1.0161418915

-0.9594131708
-1.7363331318
-0.8867097497
1.1999652386
0.1706621349
-0.5636475086
-1.3846594095
-2.2931432724

-1.7442201376
-1.2183444500
-0.5919857621
-0.8585864902
-2.5584967136
-2.2151823044
-3.0355141163
-3.5919938087

-2.1883645058
-1.3762744665
-1.3759671450
-3.5933434963
-4.5337882042
-3.2364184856
-3.1684820652
-1.0134902000

-2.1341674328
-1.6189914942
-0.8481613398
-1.3515034914
-2.0741417408
-1.5481141806
0.1877767146
1.1170283556

-1.6601622105
-0.9784095883
0.0505669490
0.0016986802
0.1170988157
0.6705164313
0.9440837502
0.0737458244


-0.7719367146
-0.3041466773
-0.2952105105
-0.5551183820
-0.7291814685
-0.0687721074
1.3441778421
2.3148345947

-0.5002543330
-0.3983977437
-0.7181924582
-0.8517579436
-1.3521836996
-1.8054811954
-1.3912374973
0.6665118337

-0.5882734060
-0.8822903633
-1.3253810406
-1.8163753748
-1.9618452787
-2.6093564034
-2.0560128689
-0.1482826471

-1.1698195934
-1.0997503996
-1.1955590248
-1.6249109507
-1.6973416805
-1.9652290344
-1.9993697405
-1.7547918558

-1.4021526575
-0.7831144929
-0.7468891144
-1.2927985191
-1.0901540518
-0.7821129560
-1.6801197529
-2.4363112450

-1.8380688429
-0.9015579224
0.1448268592
-0.1292675138
-0.3792345822
-0.8529897332
-1.3378379345
-1.8564096689

-1.3036233187
-0.0219700560
1.1069349051
1.1574141979
0.4547076225
-0.5821132064
-1.0735697746
-1.6411429644

-1.3720372915
0.8625463843
2.4323074818
1.7342804670
-0.1227879748
-1.1749916077
-1.2156690359
-1.0557993650


0.1023259237
-0.5612441897
-2.1920704842
-3.3922550678
-3.4296813011
-1.6710786819
-0.0392958000
0.2210186422

-0.1910777241
-1.7080055475
-3.2749364376
-2.8436503410
0.0494216308
1.5155260563
0.1335123777
-3.1062853336

-1.0339426994
-2.7909426689
-3.2457170486
0.2512941062
2.7122273445
1.6557704210
-1.2028652430
-5.3622541428

-1.9552990198
-3.8495600224
-0.1731607616
3.3528232574
1.8660818338
-0.1994260550
-1.9757629633
-6.5946388245

-3.1482191086
-3.7280166149
2.2636365891
2.8457140923
-1.5474349260
-1.8952902555
-2.8146820068
-5.7079863548

-4.1306924820
-2.7524020672
2.4144647121
0.7570607662
-3.0948107243
-3.0174427032
-2.7430045605
-2.4569540024

-3.8042740822
-2.7761230469
1.8275519609
0.2603646517
-2.6079716682
-1.9217251539
-0.9244166613
0.5188666582

-3.0076858997
-3.2956266403
-0.0091014579
-0.4654965401
-1.8828036785
-0.7185251713
0.3043931723
0.4738885164


0.7292373180
0.7850087285
-0.1202022955
-1.4859309196
-1.8136596680
-2.1577675343
-2.0520780087
-0.8806113005

0.7135733962
-0.2444239259
-1.4328757524
-1.4302307367
-2.0722777843
-3.3376796246
-3.3618843555
-2.0305721760

0.0623667017
-1.0813226700
-1.3942935467
-1.2613338232
-2.2015991211
-2.5704874992
-2.4541866779
-1.6827733517

-0.8140935302
-1.2132787704
-0.7918566465
-0.5137820244
-1.1503764391
-0.3359628916
-1.2700623274
-0.6681608558

-1.1239768267
-0.5086407661
0.5640756488
0.7924765348
0.6744843721
1.0161976814
-1.1337676048
-0.1216722205

-0.6703138351
0.6040927768
1.8393269777
1.4697079659
0.9592860937
0.3317993581
-0.7245084643
-0.1407486200

-1.7918398380
-0.3285241425
-0.0059828404
0.2344938219
0.3375050128
-0.3539915085
-0.8949467540
-0.6269131899

-2.0662586689
-2.1530201435
-2.5683505535
-1.4385627508
-0.5977807641
-0.6840070486
-1.2780498266
-0.7761743665


-0.2007061541
-0.7144582272
-0.8362859488
-0.8177564740
-0.2173061520
-0.7059801221
-0.9190986156
-0.0683407634

-0.5469163060
-0.6379123330
-0.4566357732
-0.0809621215
0.0142723098
-0.8261969090
-2.9806413651
-2.9932849407

-0.5874704719
-0.0702890456
-0.4169491529
-0.7760117650
-0.8746989369
-1.4733095169
-2.9196174145
-3.6954894066

-0.4904915094
-0.3210887313
-0.8613387942
-0.5607728362
-0.7401769161
-0.8538640141
-1.4623047113
-2.9373755455

-0.7659892440
-0.7487808466
-0.3817701340
-0.3467755318
-0.6271877289
-0.9300506711
-0.9148204923
-0.8684197664

-1.5141040087
-0.8106762171
-1.0246368647
-0.4473364353
-0.4958497286
-0.5626153350
0.8772779107
0.8310877681

-1.8280845881
-2.3827872276
-2.2309675217
1.0742868185
2.5244779587
1.9671498537
1.4047029018
1.2337199450

-0.4521734118
-1.8948706388
-1.4654716253
1.7348948717
3.2875299454
1.5777037144
0.6469041109
-0.1216257662


-0.7017554045
-2.6076731682
-3.9397373199
-3.4199705124
-1.2975639105
1.0472711325
-0.3756262064
-1.5687731504

-2.1145570278
-3.3548526764
-2.8346319199
-0.2182637006
2.6052908897
2.1224882603
-1.7394187450
-2.6165347099

-2.9983196259
-2.5969419479
0.1183341593
2.4768605232
1.8629217148
-1.1891533136
-4.1823430061
-2.2673845291

-3.0029735565
-0.4224091768
2.3002395630
1.4569693804
-1.9213857651
-4.0411772728
-5.3435535431
-0.4803464413

-2.2055320740
1.4059101343
1.4674170017
-2.3019278049
-4.2703065872
-4.6415777206
-3.8872165680
1.4514694214

-1.9722222090
1.0062229633
-1.4164904356
-5.3417663574
-5.2844057083
-4.1271381378
-2.2374398708
2.2980632782

-1.8056033850
-0.0498958118
-3.3147923946
-5.4391636848
-4.2452812195
-2.1570186615
0.3346436918
2.3017315865

-0.0686530769
0.9746981859
-1.0805363655
-1.0348055363
0.3953116834
1.5761142969
1.3208452463
0.0964460075


-0.0126961209
0.1340940595
-0.1825143546
-0.0768346041
1.2968286276
1.0552904606
0.2512579560
-1.9538474083

0.1908816397
-0.2042928934
0.1293389201
0.6541157961
1.4393130541
-0.3250812888
-1.0965180397
-1.7258796692

0.1599320024
0.2591333389
1.2433346510
1.1813762188
-0.3201225400
-2.8090639114
-0.8800706863
0.2578884959

0.8163428307
0.9236385226
1.6890791655
-0.5901292562
-2.0187678337
-2.6138744354
0.2396519333
1.7583913803

2.0968306065
1.3183246851
-0.2312872261
-2.3543944359
-1.5875985622
-1.8884686232
0.7138763666
1.9309620857

2.9524555206
0.2588931322
-1.8653302193
-2.2409517765
-1.4989037514
-1.0223363638
0.8872604370
2.2398686409

3.1371970177
-0.4384110570
-1.7920924425
-1.5353429317
-1.1631963253
0.1688732356
1.6240963936
0.5647774339

2.3440151215
-0.4097030759
-1.6594986916
-1.2924261093
-0.6984003186
0.0531443506
-0.7636557817
-2.1786546707


-0.0830919668
0.0452312157
0.0224677846
0.0972580090
0.5710949302
0.0137490705
-0.1313909888
-0.6636097431

0.1292299926
-0.0171481743
-0.1015469804
0.0734981224
-0.9118713140
-1.2641173601
-0.2653420269
-0.4477023184

0.1840712130
-0.6118422151
-0.5561542511
-0.4437652230
-1.0675126314
-1.1413241625
-0.5228531361
-0.8739719391

0.1419705749
-0.9372810721
-0.8370343447
-0.6197530627
-0.8303480744
-0.5882079601
-0.3083640039
-0.3692002594

-0.7840528488
-2.0295188427
-0.1007174104
-0.3242576718
-0.3149005473
0.2677672803
-0.2300193012
-0.3751524389

-1.1137604713
-1.4808887243
0.0381911248
-0.1673924029
-0.1506453753
-0.0577928200
-0.4793403745
-0.6252963543

-0.2446890473
0.0848492011
0.1227243617
-0.0385934785
0.0439395234
-0.4197852314
-0.9337369800
-0.7423806787

-0.2415904701
0.5154080987
0.2452247441
0.2932832539
0.4061605632
-0.4168467522
-0.4305046499
0.1502440572


0.0518984795
0.1260182709
-1.0566087961
-2.3960206509
-1.5561168194
-0.1125563234
0.7348332405
-0.2631911039

0.2456131130
-0.5581563711
-2.0227541924
-1.8683687449
0.3712058663
2.1235096455
2.5401909351
-0.1254842430

-0.0789352208
-1.3847341537
-1.7243111134
-0.5996145010
0.6827667952
0.9200637341
1.6885497570
-1.1390359402

-0.2938401699
-1.1382772923
-1.4377868176
-0.8223500848
0.2555819750
-0.4782203436
0.4340574145
-1.1096823215

0.1754273921
-1.1680426598
-1.4219417572
-1.0960084200
-0.5980044603
-1.5017522573
-1.5352444649
-1.1024509668

0.4680892229
-1.6660916805
-2.1720688343
-3.1899302006
-3.3945057392
-3.6227614880
-1.8008441925
0.1530767530

1.1742732525
-1.2782968283
-2.1872375011
-3.7150447369
-3.6439404488
-1.7190501690
0.4577592611
0.7880939841

1.6058909893
0.3786392212
0.4170299172
0.1453440338
1.8878517151
2.1442120075
0.8593647480
0.6789636612


-0.5083063245
-0.2937884033
-0.1547459960
-0.8851855397
-2.1118829250
-3.0060114861
-3.5209889412
-4.2266321182

-0.3492850959
-0.3122621477
-0.7435137630
-1.2467023134
-1.1590160131
-0.6965159774
-1.9781895876
-3.1508040428

-0.5468359590
-0.5870572329
-0.4084578156
-0.1411075890
0.3535485864
-0.2059050500
-0.3654400408
-1.0422492027

-1.0772705078
-0.6283281446
0.0252292268
-0.0880986452
0.3025787771
-0.6040295959
0.2006125748
0.4427087307

-0.8078956008
-0.7319870591
-0.6486720443
-0.6873697639
-0.5478084683
0.5218312144
0.9307401776
0.7610569000

-0.6673288345
-0.8498250246
-0.0822804123
1.4578107595
1.3898289204
0.7984638810
0.3979060650
-0.2128809094

-0.7224245667
-2.0125963688
-2.0886425972
-1.8868960142
-1.1636066437
-0.9466770887
-1.0925217867
-0.4188192189

-0.8206003308
-2.6451086998
-4.5541791916
-7.0894589424
-5.7497115135
-2.3310942650
-1.0374959707
-1.4642269611


-0.0156119280
-1.1275317669
-1.7632433176
-1.0890660286
-0.8528354168
-1.1055210829
-2.0267534256
-2.2450118065

-0.8384975791
-1.7134352922
-1.2431114912
-0.6547934413
-0.8019960523
-1.6515344381
-3.4633564949
-3.7789068222

-1.4058321714
-1.6104949713
-1.0191923380
-0.7627319098
-0.4568262100
-1.4135318995
-3.0611357689
-3.3909058571

-1.9733451605
-1.4489821196
-0.6444887519
0.2090800405
0.2033832967
-0.7726666927
-1.9952405691
-1.0979712009

-2.2433562279
-1.0539444685
-0.1953913867
0.4507718086
-0.3379916549
-0.9781438708
-0.7442634106
0.5189471245

-2.4763529301
-1.2820839882
-0.8088133335
-0.8158738613
-0.7814453244
0.2631492615
0.4373754561
1.0471119881

-2.1140055656
-1.6326936483
-1.5948144197
-1.0596848726
-0.2006873935
0.4576859176
0.2033047080
0.2330442518

-0.3245223463
-0.3835763931
-0.3125087619
-0.6033814549
-1.0471409559
-0.9649296999
-0.8425227404
-0.4338470995


-0.0917021483
-0.2421338856
-0.6916738749
-1.2503309250
-1.8052525520
-2.2726645470
-1.3964843750
-2.1310834885

-0.3197987080
-0.7187434435
-0.5726002455
-1.4072967768
-1.9397662878
-1.0095903873
1.0029367208
1.1495196819

-0.6193482876
-0.6839323044
-0.8970795870
-1.4912312031
-1.1158146858
0.1490094960
1.8221871853
2.6765379906

-0.8295661211
-1.1380833387
-1.4365215302
-1.6742413044
0.0662515461
0.3408851326
0.6421301365
1.4086725712

-0.4865697026
-0.4504998624
-0.7895334959
-0.7280812263
0.8669435978
0.4301237762
-0.5238322020
-0.5213059187

-0.3129303157
-0.3852822781
-0.7916815281
-0.8217365742
-0.5017541647
-1.3094977140
-2.2403187752
-2.1813454628

-1.0843024254
-2.1040549278
-3.0489935875
-3.9201309681
-3.5430474281
-3.2062168121
-2.9550721645
-1.6839329004

-0.1031171381
-0.1155535281
-0.7831518650
-2.6164927483
-3.8462047577
-2.1206183434
-1.2079477310
-0.7145501375


-0.7255964875
-0.8287749887
-0.6409645081
-1.3852543831
-1.8597097397
-1.2636735439
1.9642984867
3.9977507591

-0.7529243827
-1.4939990044
-1.9547115564
-1.6792407036
-1.9914423227
-2.5937530994
-1.4622764587
2.7272801399

-1.1803390980
-1.8042362928
-2.5029993057
-2.0058681965
-1.6837280989
-2.9432339668
-4.1124672890
-0.0100077167

-0.9045997858
-0.9818935394
-1.7301719189
-2.0440032482
-1.5266695023
-2.3949310780
-4.4501328468
-2.4472799301

-0.9558398724
-0.6982796192
-1.5707768202
-1.5674288273
-1.7271261215
-2.1159238815
-3.8067812920
-3.1483993530

-0.2284814715
0.3611094058
-1.2992411852
-2.4411661625
-2.4898674488
-2.1884315014
-2.7561631203
-2.4270205498

0.7591164112
4.7656426430
3.3972332478
-0.4052221775
-2.0946052074
-1.2452659607
-1.0789526701
-1.5034925938

-3.2343287468
1.9426152706
4.8051209450
3.1068146229
0.4933912754
-0.1215111688
-0.3446404040
-0.6705311537


0.0431172326
-0.0959457681
0.4173972309
0.8026660085
-0.7447866201
-3.9613375664
-6.6129975319
-5.5336146355

-0.1326204389
0.2740109563
0.4624407589
-0.2237205803
-2.4902122021
-4.4630231857
-5.2605099678
-4.3469710350

-0.3827583194
0.1204369590
0.3255997896
-0.4729498923
-1.5242733955
-2.3946342468
-2.8303728104
-2.4984564781

-0.3960799277
-0.2083099484
-0.2689222395
-0.8665632606
-1.1835809946
0.0982917026
0.4925530553
-0.0576189607

-0.4818554223
-0.7649571300
-0.0191165172
0.0347721949
0.9914786220
3.0758819580
3.9333715439
0.3536790311

-0.4655338228
-0.7817212939
0.7886937857
1.2582846880
2.7449176311
4.1020636559
2.6184239388
-1.1689473391

-1.1794911623
-1.8318461180
-1.5674937963
-1.6706932783
-0.7055247426
-0.6282417178
-1.3918257952
-2.3348698616

-1.4150325060
-2.9312887192
-3.8421909809
-4.7006325722
-3.0307021141
-2.1781725883
-1.6520549059
-1.6173866987


-0.2935109437
-0.4627801776
-0.8710449338
-1.2086378336
0.0066593364
0.5088812113
0.0377561823
-2.1170783043

-0.2314548492
-0.7089892626
-1.1449956894
-0.6766599417
0.2460852563
0.9523455501
1.4698526859
-0.7992028594

-0.1555721462
-1.3127204180
-1.0718585253
-0.3453347385
0.2091512382
0.4828801155
1.3819664717
0.3620775640

-0.1451764703
-1.5996488333
-1.0330669880
-0.1296022534
-0.4595868587
-0.6202406287
0.4065732658
1.0625528097

-0.0341853946
-1.7443178892
-1.8467261791
-0.3111491501
-0.9953371882
-1.5826284885
-0.4065576792
1.5335775614

0.8594369292
-1.7952518463
-2.8551509380
-1.3095449209
-1.3101477623
-1.7249563932
-0.5384580493
1.1912057400

2.1226866245
-0.9855703115
-1.9666857719
-0.7855574489
-0.9742214084
-0.8094481826
-0.5081288218
0.4481741786

2.8698482513
0.3468788564
-0.6471969485
0.1334537566
-0.6260809302
-0.2111845911
0.1642012298
-0.0323859528


-0.5971247554
-0.5937187672
0.4167460799
1.0803300142
0.6879320145
0.3182415664
-0.4553788602
-0.4514361918

-0.7095332146
0.2733127177
0.8602203727
0.1144910306
-0.6917309761
-1.4687081575
-2.4203844070
-0.9922839999

-0.4779080451
0.6837967634
0.3638062775
-1.1425050497
-2.1276664734
-3.5522391796
-3.0523710251
-0.4116373360

0.1041895151
0.8555246592
-0.2899982035
-2.0749521255
-3.3236846924
-3.4843204021
-1.7579058409
0.5595492721

-0.2728447020
0.0615477413
-1.4222289324
-4.0693163872
-3.7984855175
-2.0224418640
-0.5492746234
0.1493347138

-0.2985229492
0.4902570546
-1.1110814810
-3.6956639290
-2.1996457577
-1.3743711710
-1.1347550154
-0.3500141799

0.6926361322
2.3856635094
1.5605062246
-0.1605549604
-0.1006398052
-0.4153470397
-0.8296256065
-0.2485783249

0.3638754189
1.8623236418
1.2049812078
0.3978172839
-0.0587127209
-0.5096487403
-0.8237751722
-1.1492773294


-1.5752642155
-2.2232201099
-2.3516259193
-2.3785939217
-1.4212584496
-0.2579662204
0.4535375237
-1.3912107944

-1.9914491177
-1.9149417877
-1.5089137554
-1.1777181625
-0.0417682528
1.3049466610
2.4310905933
1.7714681625

-1.8912334442
-1.9200050831
-1.6766097546
-1.0837118626
-0.2209403813
-0.0947132409
0.7151555419
1.6181037426

-1.5358054638
-2.2279918194
-2.4797589779
-1.4764773846
-0.9908551574
-2.2974326611
-1.2615489960
0.3503187001

-1.1904935837
-2.3713953495
-2.5368616581
-1.4685711861
-2.1748719215
-2.7543227673
-2.6600811481
-1.1607275009

-1.4863278866
-3.1064713001
-3.2453906536
-3.4672181606
-3.8287315369
-3.6654675007
-3.4834225178
-1.9177312851

-0.5495203733
-2.4704833031
-4.6322617531
-6.2260379791
-5.2585058212
-3.8894789219
-2.5030081272
-1.1944811344

2.2031214237
4.0127744675
3.1320359707
0.3475855887
-0.9239627123
-0.6808544397
-0.4849981964
-0.0734605193


-0.8016279340
-0.9324914813
-0.7026902437
-2.0730888844
-3.4433641434
-4.5900139809
-4.3385124207
-2.4131317139

-0.9447969794
-0.5623858571
-1.6942757368
-3.3108465672
-2.6716556549
-1.9742091894
-0.4225644767
1.0094763041

-1.1779367924
-1.0825434923
-2.2632846832
-1.8954693079
0.0264261141
1.1902543306
2.0993676186
2.5460770130

-1.1118335724
-1.5985238552
-1.6681631804
-0.5373320580
0.3758487403
0.3619967997
0.2250613570
0.4471431077

-1.5290054083
-2.1163825989
-1.9110796452
-1.0178275108
-0.5558710098
-0.3945868909
-0.4462881684
-0.2364503741

-1.1815353632
-1.5528774261
-1.2440129519
-0.0509810075
-0.2881797850
-0.9413957596
-1.9675070047
-1.4030871391

-0.8973680139
-1.4062187672
-1.0223155022
-1.1530336142
-3.0648715496
-3.7449645996
-3.4775388241
-1.6557698250

-1.6915249825
-3.4495928288
-3.8079004288
-4.4512667656
-4.8245124817
-3.2994449139
-0.7291677594
0.3989848197


-0.9299949408
0.0161132738
1.3402544260
0.1327136457
-0.5684772134
-0.0364775434
0.0448049530
-0.4641000926

-0.2719256580
1.3123260736
0.4447124302
-1.6248713732
-0.2215895951
1.0912640095
1.7386486530
0.3772922456

0.8240540028
1.0035130978
-1.1134828329
-1.4646956921
-0.2167815864
-0.4461717904
2.1005246639
2.3706181049

1.6653355360
0.1095862016
-1.3974541426
-0.9862382412
-1.1299735308
-0.9303585887
2.1615717411
3.4360911846

1.9447884560
-0.3498736620
-2.6332743168
-1.6979447603
-1.1093207598
-0.6883218288
1.3035126925
1.6529686451

2.1254439354
-0.4021327794
-2.8518874645
-1.2251257896
-0.5933623314
-1.2659535408
-1.4824934006
0.9335925579

2.9267053604
0.4437398016
-1.6145662069
-0.7054731250
-0.8204782605
-1.5794279575
-0.2099623531
1.0629162788

2.5288870335
0.6755870581
-1.2950084209
-2.1330931187
-0.6165298820
0.2095967233
-0.3089362979
-0.6266298294


0.5574951768
0.1645118296
-0.1963819414
-0.7294071913
-0.9312376976
-2.0671312809
-1.9069801569
-1.1532276869

0.2987464070
-0.3267595172
-0.5565513968
-0.7851644158
-2.1210420132
-3.3131647110
-2.8880739212
-1.1692694426

-0.0005513555
-0.1983519047
-0.7314683199
-1.9444026947
-2.5776200294
-1.5342938900
-1.0040559769
-0.6220920682

-0.5116904974
-0.3592307866
-1.6907603741
-1.6364042759
0.3185919225
0.5992475152
-0.4979720116
-1.0012388229

-0.4071769118
-1.0591984987
-1.4396046400
-0.1940746754
0.8351099491
-0.1911126375
-1.1978698969
-0.9352903366

-0.3684685826
-1.0788958073
-0.6792196631
-0.0535355657
-0.2498113364
0.0913860425
0.1141995117
-0.3597587347

-0.8095637560
-1.0598052740
-0.4367515147
0.1521449387
0.8293244839
0.8406186104
-0.2899173796
-1.5594762564

-0.9611697793
-1.0912294388
-0.8337798119
-0.9389171600
-0.9926480055
-2.1073482037
-2.2152187824
0.0983474404


-0.5213772058
-1.1434142590
-1.7868083715
-1.8566486835
-1.6132500172
-0.8214938641
-0.5873206258
1.0639150143

-1.0722807646
-1.6397368908
-1.3636008501
-0.7234631777
0.1970877647
0.0824874938
0.5889849067
1.1435033083

-1.5404658318
-1.3103318214
-0.5146572590
-0.0174771547
0.2942054272
0.0979764611
0.0667193979
0.4281571507

-1.0405262709
-0.7044777870
-0.0372042656
-0.1877147555
0.1238595843
-0.5562134385
-0.8273341656
-0.3956191242

-0.2626274824
0.0736948252
-0.8528859615
-0.6325998902
-0.9759830832
-1.7651433945
-1.1763186455
-0.6676697135

0.0017504394
-1.4112102985
-2.2996420860
-2.0717461109
-2.8791885376
-2.5139744282
-1.5336033106
-0.8777672648

-0.0445654839
-1.1779825687
-1.3948009014
-1.9659433365
-2.0729913712
-1.4865839481
-0.3245443106
-0.3726965189

0.2968530357
0.5807973146
1.3411068916
1.3271923065
1.3679192066
1.5714352131
1.1183109283
1.0652773380


0.1702657938
-0.7253112197
-2.4946718216
-3.4847266674
-2.7038643360
-1.5117522478
-0.6568517685
-1.7659423351

-0.1408122480
-1.8735426664
-3.5293209553
-1.8333339691
-0.6119470596
0.4311504066
-0.5553767681
-3.2956755161

-0.9938922524
-3.4488537312
-2.1875717640
0.2762283981
0.7859129310
0.5556910038
-1.2684808969
-4.0723967552

-2.2472507954
-3.0409274101
0.3091908991
1.6591809988
0.2012858987
0.6152077317
-1.8586732149
-4.6346011162

-3.6557533741
-2.2385861874
2.0669558048
-0.3547637463
-1.3173519373
-1.0511778593
-3.1302676201
-3.5043902397

-4.1389026642
-1.0229933262
0.7207467556
-3.2156386375
-3.5869061947
-2.7106904984
-2.5839812756
-1.3524340391

-3.3560626507
0.0377857611
0.4108776748
-3.2362749577
-2.6750850677
-1.2577691078
-0.7675587535
0.7780197263

-2.6010587215
0.4390226901
0.6720741391
-0.8120349646
-0.2471641004
-0.1910152733
0.3681290150
0.3025881052


-0.4880545735
0.0851903409
0.9570609331
0.3762328029
0.1193595976
-0.5039076805
-0.6964514852
-0.3682547212

-0.0969021395
1.0091478825
0.5793693066
-0.6586803198
-0.1245466173
-0.5859016180
-0.5086889267
-0.2872387469

0.8264896870
0.5365534425
-1.0045685768
-0.8523681164
-0.6496461630
-0.9695969224
0.3610563874
-0.0698861480

1.1267145872
-0.6500748992
-1.0348145962
-0.4572598934
-1.2263896465
-0.7394486070
1.0660922527
0.2918635011

0.7456877828
-1.7044483423
-0.9681197405
-0.9030759335
-1.0088847876
-0.0177674368
1.1555508375
0.1950404197

0.5816896558
-1.9390066862
-0.4886618257
-0.2492955476
0.3108486533
0.0395340845
-0.1084444821
0.1147279292

1.1346430779
-1.3887315989
0.4750439525
1.3469150066
0.2849879861
-0.7517505288
-0.6358158588
-0.1494169682

1.3525420427
-0.6351460814
-0.6201698780
0.4511827230
0.0014435910
-0.3928888440
-0.4125569463
-0.2611841559


1.0589555502
0.6724583507
-1.4259550571
-4.6598267555
-7.1500825882
-6.2365746498
-2.6722376347
-0.0549005494

0.8436558247
-1.0245512724
-3.9137649536
-6.1375102997
-4.3299703598
-1.9764691591
0.7027291059
1.3759262562

-0.2160391659
-2.3097765446
-4.6851501465
-3.5866942406
0.6450054646
2.6587183475
1.9089188576
0.9625271559

-1.0089007616
-2.9822502136
-2.8782918453
-0.4435840547
3.2694487572
2.2298936844
-0.3905192614
-1.8745293617

-0.9913596511
-1.6860692501
-1.3928095102
0.7732166648
2.0112781525
-0.1768323183
-2.6736273766
-3.1760513783

-0.0522539988
0.3357159197
0.0765701383
-0.3520172238
-1.3572367430
-3.2768998146
-3.9318814278
-2.7125825882

-0.7985920906
-0.3051672876
-1.1944016218
-3.0813386440
-4.6489119530
-5.1033611298
-3.2142186165
-0.6711860299

-2.0106892586
-2.6144082546
-3.7380919456
-4.5974154472
-4.8634834290
-2.4974837303
-0.0373957232
1.7449941635


-0.6483722925
-0.5889287591
1.5500019789
3.0569326878
2.4942719936
0.1876941174
-1.3130033016
-1.5209165812

-0.5950153470
1.3570668697
3.5000133514
1.8533452749
-0.4156990647
-1.9780412912
-2.3767063618
-1.4972165823

0.6961869001
3.1479551792
1.7978770733
-0.7572525144
-1.9430335760
-2.4554591179
-1.3515585661
-0.1926170141

2.1792011261
2.4036083221
-0.1989852041
-1.8056415319
-2.4259095192
-2.0945761204
0.1682643741
0.7670518756

2.1795139313
0.2234855443
-1.1457787752
-2.7278802395
-2.6238372326
-0.9098588824
1.8556338549
-0.0367263258

1.3350894451
-0.6908594966
-1.5854055882
-2.8451843262
-1.6670746803
1.1660168171
1.2132238150
-0.9261829853

0.9098774195
-0.0835194141
-0.4592332244
0.4649208784
1.4312000275
1.2637337446
-0.1688026935
-1.3808379173

1.4650372267
1.0000785589
0.6840391755
0.0960767120
-0.1038288027
-1.1181569099
-1.6492587328
-1.6621850729


-0.9085484743
-0.8230921030
-0.6077482700
-0.0694335774
1.4704971313
2.0482010841
-0.0135245398
-2.5249619484

-0.8176391125
-0.4881149530
0.1956970692
1.5374943018
2.6175549030
0.4459014535
-2.0349531174
-2.2521905899

-0.7329552174
-0.5711615086
0.8731001616
2.3022637367
-0.5854277611
-2.2797391415
-1.6185320616
-0.2141018510

-0.4394848943
0.1274813414
1.0258570910
-0.9096597433
-2.7387104034
-1.0597893000
0.7036931515
0.9290851951

-0.0912382305
-0.2573746443
-0.8199343681
-2.0837895870
-0.9003450871
0.3036104143
0.6158063412
0.1956554651

-0.1216058210
-1.9829528332
-2.9718973637
-2.3424043655
-1.3969504833
-0.9591284990
0.0078954920
1.3328182697

1.0787216425
-0.3994078338
-1.4978162050
-1.3640998602
-1.3172878027
0.4446082115
2.2942528725
0.0871015713

1.9663525820
2.6952862740
2.7323081493
2.1268603802
2.0455763340
1.4853075743
-1.0026504993
-2.5110044479


1.6409157515
2.2731270790
1.1324715614
-2.6795835495
-6.3530936241
-6.1051688194
-3.1562814713
-1.5688614845

1.9809284210
0.8861356974
-3.0514535904
-6.7716803551
-7.1362366676
-4.6197094917
-2.3629255295
-2.5835123062

1.0895915031
-2.3962960243
-5.9427876472
-5.3198456764
-2.1956248283
-0.3220640421
-1.1551034451
-2.2435264587

-1.1207118034
-4.6532216072
-4.2279558182
-0.6409882903
1.9680474997
1.3479485512
-1.5205788612
-2.9228756428

-2.9375686646
-3.5152869225
-0.7414228320
2.1076080799
2.0256345272
1.2773077488
-2.0105371475
-3.5815172195

-2.8112275600
-1.3301553726
1.2355720997
1.9707837105
1.5050349236
0.0885083154
-3.6284842491
-3.6567056179

-1.9851598740
-0.0696028247
1.1279718876
-0.0875121132
-2.0105133057
-3.6397287846
-3.8671853542
-1.0920977592

-3.2542440891
-2.2803595066
-2.5715441704
-5.1199412346
-6.6187400818
-4.0862288475
-1.0650459528
0.8883264661


-1.5883401632
-1.9470218420
-0.5459054708
2.2172272205
2.8937480450
0.2296238244
-3.3687024117
-2.7494399548

-1.9088984728
-0.3777453005
2.1812782288
2.4727830887
0.5149217248
-2.3106009960
-3.0383436680
-2.0696094036

-1.1016402245
1.3183652163
2.0193810463
0.1683649123
-1.8366971016
-2.3383581638
-1.1606855392
-0.5895126462

0.2525265813
1.0229402781
0.2496280670
-1.2536699772
-2.4766657352
-1.3097444773
-0.3022916317
0.6954336762

-0.0373199135
-0.6283156276
-1.8350665569
-2.6901161671
-2.0736393929
-0.6089215875
1.7406892776
2.3649086952

-0.8050471544
-1.7905430794
-1.9343808889
-0.8044214249
0.8248985410
2.4697792530
2.7056717873
0.5348728895

-1.0579378605
-0.8682528138
-0.2179241180
1.5799930096
2.3151445389
1.3813567162
-0.3451148272
-1.2537612915

-0.2171836793
-0.3184993267
-0.4982266128
-0.7945489287
-1.2220606804
-1.2385116816
-1.8662760258
-1.5039986372


-0.1300449967
0.3769479692
1.6660944223
2.2591912746
1.1781080961
-1.5413161516
-3.5296380520
-3.1679036617

-0.0088776946
0.7997540236
1.3943248987
0.3250736892
-2.8470096588
-5.5712542534
-7.7794837952
-6.9823703766

0.1320351958
0.4045690000
0.0258876905
-2.5622456074
-4.9137854576
-6.6961855888
-6.8091702461
-4.7880234718

-0.5566840172
-0.8257565498
-0.9833112955
-2.3477847576
-3.7905654907
-3.6294667721
-2.0294513702
-0.2986931801

-1.2839710712
-1.2132725716
-0.6073747277
-2.0917415619
-2.0651223660
-0.0011369959
1.4151597023
1.6507542133

-1.8750241995
-0.8284850121
-0.6018737555
-0.8288289309
1.7566796541
3.5565245152
2.1995015144
0.6759786606

-0.7722026706
0.5888457298
0.8979758024
1.9453200102
3.6043665409
2.3665034771
0.0664861724
-0.7252268195

-0.8452320695
-0.8240418434
-1.1788350344
-0.5727310181
-0.5549214482
-1.8082534075
-2.4380986691
-2.7111628056


0.7503737211
1.1275372505
0.3322390914
-1.2549471855
-1.2655091286
-0.1819276214
0.8310101628
0.4683030844

1.1692411900
0.3393096328
-1.3060004711
-1.4675137997
-1.3799500465
-0.9424952865
-0.4826840758
-1.0779318810

0.7853844762
-1.0516850948
-1.7273256779
-1.6782982349
-1.9687058926
-1.6277706623
-1.2278401852
-1.1857509613

-0.1281080842
-1.3227677345
-1.5114297867
-1.8815329075
-1.6525781155
-0.4035538733
-0.8766248226
-1.3503153324

-0.4354720414
-0.7653320432
-1.0196871758
-1.9839861393
-0.5436916947
-0.5533575416
-1.7618572712
-1.7051575184

-0.3165017962
-1.0265700817
-1.8156075478
-2.4595210552
-1.7183988094
-2.2431857586
-2.1213760376
-1.1828627586

0.4533479512
0.1133929342
-0.7682814598
-1.1023573875
-0.3403576314
-0.5268298388
-0.3544447720
0.0885114074

0.7376642823
1.5506708622
1.0212233067
0.6466833353
1.5575287342
1.0749638081
0.2920699120
-0.3493559361


0.0546378344
-0.3734028041
-1.1929656267
-1.1437392235
-0.6759820580
-1.0976973772
-2.3021390438
-0.9667176008

-0.2423894107
-0.8974375725
-0.8466178775
0.1062631831
-0.3199513853
-1.6168953180
-1.7718881369
0.1268540621

-0.6535996199
-0.0597640350
0.8147237897
-0.5354933143
-1.2525395155
-1.0178078413
-0.7444922924
-0.0528484955

-0.0956598744
1.9358232021
-0.6115592718
-2.5234873295
-0.6124357581
0.0146935508
-0.6194225550
-0.1312347949

1.2177299261
1.1788010597
-3.3903779984
-2.0749437809
0.4523032010
-0.4846018851
-0.8391939402
0.1423417330

1.5724350214
-0.1884551346
-2.9075868130
-0.6377465725
-0.3213123679
-1.6592651606
-0.1491911113
-0.0512084812

0.6977574229
-0.7257027030
-3.0029709339
-2.1027822495
-1.4118367434
-0.0430343375
0.3531594574
-1.3918498755

-0.4227286875
-1.8360830545
-3.2306478024
-1.4466884136
0.4659172297
0.1867305040
-1.0709477663
-0.8194509745


-0.5928324461
-1.8651587963
-2.0012357235
-0.9095591307
-0.2228032053
-0.0163391605
-1.4187786579
-1.2036865950

-1.5808521509
-2.0819456577
-0.7183672786
0.7877515554
0.5687120557
-1.3710800409
-4.2488741875
-2.1328032017

-2.2697737217
-0.9603688717
1.1190979481
1.4862977266
-0.4242973626
-2.8588664532
-4.8292822838
-1.3799887896

-2.3303885460
1.1813259125
2.1246960163
-0.0839602426
-1.9601827860
-2.5257656574
-3.2636227608
0.6016658545

-1.8867704868
2.0045447350
1.0238089561
-1.4125348330
-2.2087082863
-1.7783949375
-1.7238425016
1.0814926624

-1.4298719168
1.3375685215
-0.6130729318
-2.1943957806
-2.5358231068
-1.5334954262
-0.5240386128
1.1260216236

-1.8228424788
-0.2345191538
-0.6610944867
-1.7450360060
-1.6463205814
-0.4129045308
0.6686823964
0.2746384442

-1.5441126823
-0.9834897518
-0.3202304840
-0.1334871948
-0.0646386519
0.4385593534
-0.3933979273
-1.5245691538


-1.5052953959
-2.5941729546
-1.7404419184
1.2534847260
3.9138660431
2.4762821198
-0.1659053266
-0.5903203487

-2.3373034000
-1.6648238897
1.1700972319
3.5193233490
2.3970477581
-1.2442138195
-3.6419119835
-2.8759517670

-1.9459750652
0.4020561576
2.4630174637
0.5386893153
-1.6224461794
-3.8725719452
-4.4682741165
-2.5802044868

-0.6163094640
1.6073315144
0.0797179118
-2.1021566391
-2.5088934898
-3.1592855453
-2.6252751350
-1.0984424353

0.1862411797
-0.0103791878
-2.8809280396
-2.6779217720
-3.0132381916
-2.7997777462
-0.2616232336
0.9592484236

-0.3899557292
-2.3309438229
-3.7072906494
-1.8389966488
-1.4287254810
0.7996477485
3.9145250320
1.8719139099

-0.3717414141
-1.6584043503
-0.4761487842
3.0402083397
4.5142626762
5.4699745178
3.2402272224
-1.0550005436

0.6446523070
-0.0595720783
2.1824109554
4.1364021301
2.9629547596
0.8153609037
-1.6523463726
-2.3769927025


-0.3725328445
-0.4215763211
-0.2150286138
-0.3398798406
-0.3406375051
-0.2821367681
-1.2925220728
-2.1571948528

-0.5069264174
-0.0307870433
-0.2063584030
-0.5685732365
0.0571622178
0.5599095821
0.9734077454
-1.3534923792

-0.1264325678
-0.4033956230
-0.6328704953
-0.8981180787
0.2255836725
0.1393179595
1.3631601334
-0.9168033004

0.1722070575
-0.7377191186
-0.9277563691
-0.9884177446
-0.5512061715
-0.7399431467
1.7678858042
0.3580313027

0.2936688066
-1.3083574772
-1.6710627079
-0.8568465114
-0.5011989474
-0.0164772645
1.4031983614
0.5876454711

0.4560490251
-2.0529174805
-2.4380733967
-1.7606709003
-0.2897045314
-0.8908939958
0.0341441259
-0.0051229373

1.3724279404
-1.8084738255
-2.4589138031
-2.9924833775
-1.5880657434
-1.3620646000
-0.1460406184
0.6280704141

2.3925268650
0.2156868875
-0.5775379539
-0.8567495942
-0.0467606857
0.8160994649
0.7938638330
0.4803871512


-0.8661700487
-2.0235617161
-2.1135656834
-1.0286952257
0.0719935298
0.1227854788
0.1803830862
1.1022100449

-1.6119915247
-1.8033174276
-0.9607964754
0.7958420515
0.8210059404
-0.1293096840
-0.7190821171
2.2972745895

-1.7645784616
-0.9669908285
0.0036494434
0.0300514996
0.2806077302
-0.6345038414
-1.1916452646
1.4713977575

-0.9307901859
0.2680260241
0.0254209340
0.0367172062
-0.5985488892
-1.0880491734
-2.3405563831
0.1332423389

-0.4128864110
0.1085237265
-0.1554756463
-0.9174801111
-2.4303052425
-2.4538586140
-2.0598261356
0.4560510218

-0.1830042154
0.7201236486
-0.3394295871
-3.1735394001
-3.8747427464
-1.8379446268
-0.4317615926
-0.2394362688

-0.5233393312
1.8220638037
2.3132293224
-0.4121351242
-2.4211361408
-0.9877070189
-1.2047606707
-0.5112950802

-0.7925719023
1.3286534548
4.4738831520
3.4914491177
-0.3423484862
-1.0735602379
-0.4851821959
0.0619215667


0.3021176457
0.2603410482
-0.0671194196
-0.3487167656
-0.0455288589
-1.5327442884
-0.7303043008
0.0077142715

0.2715153396
-0.1515158117
-0.1286315769
0.1317237318
-1.4802743196
-2.0630984306
-0.2851824760
2.3745980263

0.3643346131
-0.0613538995
0.4754284620
-1.1540842056
-2.6607003212
-0.4290963411
0.9891877174
2.8319101334

0.6238871813
0.8863856196
-0.8721236587
-2.2125892639
0.3042263091
1.2535353899
0.4601528049
1.2285795212

1.2874001265
0.0043478906
-1.4528857470
0.3769944310
2.0526480675
-0.2720068991
-1.3399959803
0.5940408111

1.6688448191
-0.5321874619
-0.0314204097
2.2150211334
-0.2993677557
-1.4261542559
-0.4496448636
0.0248242319

1.4307094812
-0.3019944727
0.7752065063
1.5943083763
-0.7303237319
0.0917117000
-0.4150168002
-2.2800550461

0.0925003290
-0.3511889577
0.4553789496
1.6038401127
0.1105673313
-1.5386263132
-2.1556429863
-0.3914577365


-0.9821547270
-1.0477875471
-1.4125590324
-1.7723891735
-1.3631296158
-0.2374641001
0.1217630133
-0.5285186172

-0.8298730850
-0.9941936731
-1.3613790274
-0.7888075113
0.7765080929
2.1801657677
1.5642932653
0.6368139982

-0.9448010921
-1.0490053892
-0.7678188682
1.1921308041
1.8891363144
1.8672167063
1.2080657482
-0.5901116133

-0.8993766904
-1.0228761435
0.3595308363
0.6145928502
-1.7022949457
-0.9206694365
-1.4990967512
-2.2113940716

-1.2932931185
-1.3540246487
-1.7178767920
-3.0592072010
-2.9281494617
-1.5996361971
-1.3194167614
-1.8242814541

-1.5950280428
-2.3919613361
-3.3409831524
-3.0216591358
-1.7227535248
-1.1238251925
-2.1910078526
-1.3885896206

-1.2927849293
-2.4494235516
-3.2793395519
-3.4936742783
-2.9609868526
-2.3476424217
-0.8966766596
0.0960669145

-0.9426467419
-1.8422892094
-2.1995480061
-2.1255822182
-0.5393493772
1.2309856415
1.8107342720
0.7140147686


-0.3710996509
-0.7902155519
-0.7556094527
0.0524059199
0.7720597982
0.6253243685
-0.5739631057
-1.9982498884

-0.5862752795
-0.6297554374
-0.0278921761
0.6694014668
0.9155930281
-0.2886663079
-1.0036877394
-0.8305290341

-0.7957928181
-0.2773659527
0.8420795798
1.1536382437
-0.9884555340
-1.5575990677
-1.3400408030
0.0065404736

-0.9119418859
0.8047453761
1.4472284317
-0.7742108703
-2.1733131409
-1.7948526144
-1.3857274055
0.3597353995

-0.8469211459
1.4672689438
0.6611194611
-2.8459088802
-3.0954651833
-1.8557939529
-1.5438660383
0.6667841673

-1.0042681694
1.3573192358
-1.0406928062
-4.3191862106
-3.3786239624
-2.1083512306
-1.2533552647
0.4186490178

-0.1707966328
1.8123272657
0.0569753610
-3.3222281933
-2.4125514030
-1.4904412031
-1.0429637432
-0.6963894367

0.1138667464
2.0184535980
1.1466892958
-1.2431820631
-0.8100603223
-1.0035061836
-1.1289945841
-1.2732962370


-1.4507901669
-2.5012061596
-3.2267475128
-1.3603274822
2.7788302898
3.9842417240
2.3160860538
0.0905675441

-1.9532735348
-2.3962852955
-0.8035209179
3.4006648064
4.7644429207
3.5295073986
0.1601956934
-1.2827637196

-2.1786894798
-0.8585537672
2.6463534832
2.9906935692
0.7626225948
-1.4289057255
-2.1324157715
-2.3264081478

-1.3033720255
0.5580679774
1.8236176968
-0.6755279303
-2.3317143917
-2.6498577595
-2.5004758835
-2.0809218884

-0.5791042447
0.2379745990
-0.7923854589
-2.0738084316
-3.3338563442
-3.9601957798
-3.3206372261
-0.2979214787

-1.4032189846
-1.7390630245
-2.4034523964
-3.4407303333
-4.8316578865
-3.7921805382
-0.0490962118
2.8684279919

-2.0710511208
-2.5493953228
-2.8462278843
-2.1070594788
-0.2159554958
3.6548006535
4.2374439240
1.5588058233

0.9864044189
1.6062710285
2.2590959072
4.7085623741
6.3746819496
4.3151068687
0.4905755520
-1.1065611839


1.0905131102
0.4138805270
-1.5559591055
-4.0365095139
-4.6637630463
-4.4845585823
-4.3323349953
-5.2789964676

0.5690265894
-1.3482040167
-3.6335427761
-4.2856922150
-2.6465554237
-2.1629133224
-2.0242900848
-2.9801778793

-0.4312736988
-3.0160384178
-3.2867193222
-1.5222090483
-0.2548142076
-0.3491155505
-0.1014260799
-0.8026549220

-1.6653319597
-2.9142642021
-1.5067732334
-0.1508372873
0.2994432449
0.1820729822
0.1891160160
0.0030949935

-1.6736350060
-1.6215116978
-0.8971863985
-0.8125853539
-0.5231436491
-0.1244119853
-1.6834596395
-0.2302491218

-0.9040639997
-0.9051093459
-1.9118300676
-2.6509943008
-1.8427797556
-1.8308656216
-2.5551710129
-0.0453206152

-0.5370495319
-1.3278490305
-3.6473340988
-4.3594474792
-3.4770476818
-3.4648365974
-2.0214452744
0.2809162736

-1.0056747198
-2.7567389011
-5.6469306946
-6.2184743881
-4.2979412079
-2.4242329597
-0.7586607337
0.0115727335


-0.7833651900
-1.1571565866
-1.2196244001
0.4063577652
2.5556454659
1.8858227730
-0.5754442811
-2.0432157516

-1.0121949911
-1.0495202541
0.2999677062
2.7663550377
2.0840644836
-0.3605490327
-1.7812875509
-2.1009907722

-1.0446782112
-0.3696792126
1.9379581213
1.3504672050
-1.3449982405
-1.9961432219
-1.4298034906
-0.3493271470

-0.3666620255
0.9094078541
1.5147556067
-1.7316652536
-2.2870609760
-1.0927678347
-0.0754653364
0.5134549737

0.1216709763
0.2792917490
-1.5229979753
-2.9413928986
-1.9259673357
-1.0793236494
-0.0275461823
1.1892760992

0.1263595372
-1.5983313322
-3.2881040573
-2.7450089455
-1.9967066050
-0.6087164283
1.5085899830
2.1827449799

1.0863274336
-0.7533887625
-1.1299968958
-0.3000022769
0.4977311492
2.3282904625
2.8017182350
-0.3756709695

1.3866971731
0.8519421220
1.1774804592
1.8242057562
2.0361025333
0.9813897014
-1.4348260164
-1.8234790564


-0.7734794617
-1.2561429739
-1.1632643938
-1.8999053240
-1.4367789030
-0.2772098184
0.6886457801
-0.1893855929

-1.3627278805
-1.2050309181
-1.3442717791
-1.0731238127
0.9680789113
0.8816308379
-1.3910399675
-2.2561807632

-1.5556957722
-1.6552866697
-0.5330724120
1.9809919596
2.3153362274
-1.3666802645
-3.7930903435
-1.8422800303

-1.8212052584
-0.4322899282
2.9423539639
3.3180959225
-0.9106908441
-3.8709318638
-3.5552618504
-0.4289271533

-1.8545621634
1.7349866629
5.2525582314
-0.1155257300
-4.0754232407
-3.0803477764
-1.9985871315
0.7152922750

-1.3364109993
3.0142602921
3.8765318394
-3.0942327976
-3.6027071476
-2.0637788773
-1.7549363375
1.0134017467

-0.4170033932
2.7226760387
2.2209320068
-2.6721780300
-3.0147669315
-2.0710060596
-0.7404114604
2.2129573822

-0.3303703666
1.3706806898
0.6462963223
-1.1848518848
-1.5340143442
-0.0202727988
1.2222086191
0.6766597033


