1.0485544205
0.6171499491
0.0000000000
0.0000000000
0.0000000000
0.0000000000
0.7801406384
0.0000000000
0.9245444536
2.4846425056
0.4743536711
0.0000000000
0.0000000000
0.0000000000
0.0000000000
0.0000000000
0.0000000000
1.1436786652
0.0000000000
2.2981162071
1.2825813293
0.0000000000
0.0000000000
0.0000000000
2.2168803215
0.0835129172
0.0000000000
0.1311003119
0.0000000000
5.0771875381
0.5737180710
2.0968332291
0.0000000000
0.3091063201
0.0000000000
0.1281051487
0.0000000000
1.4510259628
0.0000000000
0.0000000000
0.9472951889
0.3923743665
0.0000000000
0.0000000000
0.0000000000
0.2088647187
2.4200940132
0.2913997471
0.7059401870
0.0000000000
0.1144062877
3.5409460068
0.0000000000
1.8790915012
0.0000000000
0.0000000000
0.0000000000
0.0000000000
1.1514621973
2.9420549870
0.0000000000
2.2814223766
0.0000000000
0.4659484327
0.0000000000
0.4396751821
0.3179048598
0.0000000000
0.0000000000
0.0000000000
0.7796805501
3.9743640423
0.9803860188
0.0000000000
0.0000000000
1.8959182501
0.2728319764
0.0000000000
0.0000000000
1.3086373806
1.5009384155
0.5551755428
2.6388180256
0.0000000000
0.9789433479
0.0000000000
0.4096426368
0.8940109611
2.2855393887
0.0000000000
0.0000000000
0.0000000000
0.0000000000
0.0000000000
0.0000000000
0.0000000000
0.3145029545
0.1779987067
0.0000000000
0.0000000000
0.9443129301
0.7857308388
0.0000000000
0.0000000000
1.7163196802
0.0000000000
0.0000000000
3.5811142921
0.0000000000
0.0000000000
0.0000000000
0.8635311723
0.0000000000
0.0000000000
3.9820640087
0.0000000000
5.9295878410
0.1954909116
0.0000000000
0.0000000000
0.0000000000
0.0000000000
0.0000000000
3.1772935390
0.5844436884
0.0114218900
0.0000000000
0.0000000000
0.0000000000
0.0000000000
0.0000000000
0.8564476967
0.5424396992
0.0000000000
0.0000000000
0.0000000000
0.0000000000
0.0000000000
0.0000000000
1.8216921091
0.3093460202
0.0000000000
0.0000000000
0.0000000000
0.0000000000
0.0000000000
0.0000000000
0.8307301402
0.0000000000
0.0000000000
0.0000000000
0.0000000000
0.0000000000
0.0000000000
4.1449317932
1.7415423393
0.0000000000
0.0000000000
0.0000000000
0.0000000000
0.0000000000
0.0000000000
0.5888878107
3.4482617378
0.0000000000
0.0000000000
6.2574105263
0.0000000000
0.4355945289
0.1152122989
0.8210327029
0.0000000000
0.1637797356
0.0000000000
0.0000000000
0.0000000000
2.3732292652
0.0000000000
0.8444909453
0.0000000000
0.0000000000
0.0000000000
7.2843208313
0.0000000000
0.0000000000
0.0000000000
0.0000000000
2.0633828640
2.5092737675
0.0000000000
0.0000000000
0.0000000000
0.0000000000
0.0000000000
0.0000000000
0.0000000000
0.0000000000
0.0000000000
1.2038427591
0.0000000000
0.0000000000
0.0000000000
0.9457747340
0.0000000000
0.0000000000
4.8012366295
0.0000000000
0.0000000000
0.2135999352
0.0000000000
0.2958729267
1.7082217932
0.0000000000
0.0000000000
0.0000000000
0.0000000000
4.1101045609
2.4214038849
0.0000000000
0.6021615863
0.0000000000
1.8107320070
0.6119397879
2.1852750778
0.0000000000
1.0178641081
0.0000000000
0.0000000000
0.1978791356
0.5316150188
0.0000000000
2.2219150066
0.8000215888
0.0861513093
0.0915735364
0.0000000000
1.3801697493
0.0000000000
1.1528955698
0.0000000000
1.4091739655
2.3867506981
1.6718120575
0.0000000000
0.0097519737
2.5484921932
1.9446116686
0.0000000000
0.0000000000
3.6368193626
0.0000000000
0.0000000000
0.0000000000
2.0088312626
0.0000000000
0.0000000000
2.3945865631
0.0000000000
0.0000000000
1.0578393936
0.0000000000
0.0528022051
0.0000000000
0.0000000000
0.0283309370
0.0000000000
0.0000000000
0.0000000000
0.0000000000
0.0000000000
3.9257459641
0.2063018680
0.0000000000
1.5331939459
0.0000000000
2.5355229378
0.0000000000
0.0000000000
0.0000000000
0.0000000000
0.6366631389
0.0000000000
0.0872109309
0.0000000000
0.0000000000
0.0000000000
0.6896224022
0.0000000000
2.9470219612
0.1592985243
0.0000000000
0.0000000000
0.9155989885
0.0000000000
0.0000000000
0.0000000000
2.6081416607
4.6365728378
0.9969164133
0.0000000000
2.5124440193
1.4550076723
1.3638960123
0.5337983966
1.0562870502
0.0000000000
0.0000000000
5.6723403931
0.0000000000
0.0000000000
0.0000000000
0.0000000000
0.0000000000
2.7401635647
0.0002573465
2.8442485332
0.0000000000
0.0000000000
0.0000000000
0.0959574208
0.8115674853
2.7172143459
0.0000000000
0.0000000000
0.0000000000
0.0000000000
3.0061883926
0.0954336226
0.0000000000
0.0000000000
0.0000000000
0.0000000000
0.3212402165
0.0000000000
0.0000000000
0.3951047957
0.0000000000
0.0000000000
0.2154629081
1.3377934694
0.0000000000
0.6624180675
0.0000000000
0.0000000000
0.0000000000
0.1246492639
0.0000000000
0.2372523546
0.0000000000
0.2277569026
0.9492658377
0.0425974429
0.0000000000
0.7511763573
0.0000000000
2.0310072899
0.0000000000
1.8737082481
0.0000000000
0.0000000000
0.5039448738
2.6952106953
3.4218959808
0.0000000000
0.0000000000
0.0000000000
0.0000000000
1.2199985981
1.1326617002
0.0000000000
3.0991480350
1.8024647236
1.9942996502
3.8718473911
1.0327146053
0.0000000000
0.0000000000
0.0000000000
0.0000000000
2.7687768936
0.0000000000
0.0000000000
0.1625547111
3.2239103317
0.7421547174
0.0000000000
3.0699667931
0.0000000000
0.0000000000
0.0000000000
0.0000000000
0.7228824496
0.0000000000
0.0000000000
0.0000000000
0.1472355574
0.0000000000
0.9135137796
1.0052475929
0.0000000000
0.0932186395
0.0456285141
2.8700466156
0.0000000000
0.0000000000
0.7721497416
0.0000000000
0.3842005730
1.6892800331
0.0000000000
0.0000000000
0.4103476107
0.0000000000
0.0000000000
1.6784715652
1.1992655993
0.0000000000
2.3945252895
0.0000000000
0.3090131581
1.3065061569
1.5428016186
0.0000000000
1.1711257696
1.1284372807
0.0000000000
0.6066685915
0.0000000000
3.4367086887
0.0000000000
1.7709627151
0.3896056116
3.2360243797
0.0745250732
0.3297413290
0.0000000000
1.9337254763
0.0000000000
0.0000000000
0.0000000000
3.3293831348
0.0000000000
0.0000000000
0.0000000000
0.0000000000
0.0000000000
0.0000000000
0.0000000000
0.1834775060
0.0000000000
0.6332007647
1.7137126923
0.0000000000
0.0000000000
0.2578242421
5.1525673866
0.0000000000
0.0000000000
4.9371042252
0.0000000000
0.0000000000
0.0000000000
3.3494164944
0.0000000000
0.0000000000
1.8215929270
1.3992283344
0.2914676368
0.0000000000
0.0000000000
1.6072906256
0.0000000000
0.8172474504
0.0000000000
0.4983533621
0.0000000000
0.4988833070
0.0000000000
0.0585570522
1.6144137383
0.0000000000
0.6029456258
0.9712160230
0.0000000000
0.3038465679
0.0000000000
1.2881840467
0.0000000000
0.0000000000
0.0000000000
0.0000000000
1.4173607826
0.9319292307
0.0000000000
0.0000000000
0.0000000000
0.7937413454
5.0353784561
0.0735835880
1.3888833523

