-0.1365340352
-0.1365340352
-0.1365340352
-0.1365340352
-0.1365340352
-0.1365340352
0.0383463502
0.3434416950
0.5893111825
0.2014734149
-0.0981247500
-0.1365340352

-0.1365340352
-0.1365340352
-0.1365340352
-0.1365340352
-0.1308470070
0.0335066468
0.2521273196
0.5465786457
1.1307852268
1.3697474003
0.4511793256
-0.1396109909

-0.1365340352
-0.1365340352
-0.1365340352
-0.1365340352
0.0278312564
0.4470149875
0.4668672681
0.7400452495
0.6318591833
1.3611385822
0.8868090510
0.3750999570

-0.1365340352
-0.1365340352
-0.1365340352
-0.0116950572
0.3399922550
0.4828026891
0.4500008821
0.3167438507
0.5621337295
0.8950498700
0.9443886876
0.3163529634

-0.1365340352
-0.1365340352
-0.1043849438
0.3077920675
0.3297012448
0.2405268550
0.4148657322
-0.0909172520
-0.2058477402
0.0351546556
0.7454268932
0.6686499715

-0.1365340352
-0.1365340352
0.0142252296
0.2575267553
0.2099653780
0.0452163666
-0.0594055951
-0.0107974261
-0.0599488094
-0.0465956554
0.5131371021
0.6920888424

-0.1365340352
-0.1365340352
0.0271261483
0.2913798988
0.2805205286
0.2974783778
-0.0631560907
-0.1134026796
0.1199628413
0.0527098030
0.1536186337
0.6431666017

-0.1365340352
-0.1365340352
-0.1111538708
0.0697187930
0.3579659164
0.2755073607
-0.0717018470
0.1887064874
0.1830383539
0.0504609644
0.2777493894
0.3794385791

-0.1365340352
-0.1365340352
-0.1785138100
0.5043861270
0.9091458917
0.5224566460
0.3818962574
0.3573056459
0.5027396083
0.2109461427
-0.0108148903
0.0226530880

-0.1365340352
-0.1365340352
-0.2104484439
0.3929694295
1.3483355045
1.1487438679
0.8861247897
0.6866738200
0.4104669690
-0.0421583951
-0.0054354370
-0.1365340352

-0.1365340352
-0.1365340352
-0.1732130051
-0.5422060490
0.6590616703
0.8755640388
0.3024452031
-0.0803299993
0.0321435928
-0.0169278011
-0.1046949849
-0.1365340352

-0.1365340352
-0.1365340352
-0.1365340352
-0.2256319076
-0.5266090631
-0.2165253162
0.0347606093
0.0241069049
-0.0540936440
-0.1365340352
-0.1365340352
-0.1365340352


-0.1466871351
-0.1466871351
-0.1466871351
-0.1466871351
-0.1466871351
-0.1466871351
0.1990175992
1.3687341213
1.5222845078
0.2190767974
-0.2101521492
-0.1466871351

-0.1466871351
-0.1466871351
-0.1466871351
-0.1466871351
-0.1367629021
0.2192764133
1.6878576279
2.8385660648
2.0835652351
0.4527325630
-0.9202817678
-0.1543029398

-0.1466871351
-0.1466871351
-0.1466871351
-0.1466871351
0.2725170851
1.9482825994
2.9167203903
3.2344861031
1.6311433315
0.0339887142
0.0237376690
-0.5457266569

-0.1466871351
-0.1466871351
-0.1466871351
0.1083289534
1.8106458187
3.2266144753
2.8442327976
0.9546257257
0.4086668491
1.5630334616
1.6611162424
-1.2023297548

-0.1466871351
-0.1466871351
-0.0859213918
1.3175743818
2.8787276745
2.9743394852
0.2306080014
-0.2491249889
-0.2401819825
2.7226305008
3.0237228870
-1.7395889759

-0.1466871351
-0.1466871351
0.3588862419
3.1227631569
3.1069953442
-0.1297769696
-0.7500001788
-0.2371331751
-0.1466871351
3.1598811150
3.6177766323
-2.0283217430

-0.1466871351
-0.1466871351
1.1165399551
3.6069896221
1.8708528280
-0.8849565387
-0.1466871351
-0.1397401690
0.4245699048
3.2981173992
3.3084654808
-2.1266102791

-0.1466871351
-0.1466871351
1.6886261702
3.3237946033
-0.5393139124
-0.2497617602
-0.0335508808
0.8491076827
1.5509760380
2.6835658550
1.2719002962
-0.8888283372

-0.1466871351
-0.1466871351
1.7042586803
3.3165471554
0.0421824902
0.4852592945
1.2409951687
1.5335924625
1.7403171062
1.1554648876
-0.8990179300
-0.1895159483

-0.1466871351
-0.1466871351
1.5584166050
3.0830416679
1.5209995508
0.9555774927
1.3877778053
1.2030253410
0.5372765064
-0.8088856339
-0.1466871351
-0.1466871351

-0.1466871351
-0.1466871351
0.8654023409
1.9522897005
1.3650182486
0.7428776622
0.4957268834
-0.8776346445
-0.4242339730
-0.1466871351
-0.1466871351
-0.1466871351

-0.1466871351
-0.1466871351
0.1690788418
0.7503536940
0.7209006548
-0.0678770915
-0.5125733018
-0.1690063775
-0.1466871351
-0.1466871351
-0.1466871351
-0.1466871351


0.0451193415
0.0451193415
0.0451193415
0.0451193415
0.0451193415
0.0451193415
0.0526109040
0.0581745952
0.1798016131
0.3336499035
0.3615671098
0.0451193415

0.0451193415
0.0451193415
0.0451193415
0.0451193415
0.0465882756
0.0530515835
0.0194470678
0.1333893985
-0.1328609735
0.0887897834
0.3765633702
0.2882122993

0.0451193415
0.0451193415
0.0451193415
0.0451193415
0.0590399764
-0.0180248953
0.3056097925
0.0425824672
-0.7475131750
-0.6942867637
0.2864503562
0.3708348572

0.0451193415
0.0451193415
0.0451193415
0.0521702245
0.0192678571
0.2178046554
-0.1054582298
-0.6102480292
-0.7262068987
-0.4543654323
-0.5008991361
0.4110004902

0.0451193415
0.0451193415
0.0464761741
0.0317651704
0.1034064740
-0.1174176335
-0.8963803053
-0.2765323222
-0.2801125348
0.2340276986
-0.9204220176
0.3079884648

0.0451193415
0.0451193415
0.0562832393
0.1270314604
0.0817374289
-0.4326149821
-0.0189517327
0.0830651075
0.0451193415
0.2765071690
-1.1191511154
0.2172621042

0.0451193415
0.0451193415
0.1841637194
0.1418149322
-0.6754808426
0.2065007687
0.0549007840
0.0510170497
0.0635361150
0.2334095836
-0.7972638607
0.1671154201

0.0451193415
0.0451193415
0.2194006890
-0.2894413173
0.0256689806
0.3415161967
0.0618651882
0.0526457950
0.1494806409
0.6373859048
-0.7390779853
0.1478544921

0.0451193415
0.0451193415
0.1189955622
-0.5481960177
0.1582665443
0.4434858263
0.0353670977
0.4760538340
0.5952656865
-0.0400495566
0.1095936149
0.2032129318

0.0451193415
0.0451193415
0.1904465407
-0.4200250506
-0.2893477380
-0.0187923647
0.1866484880
0.3688674271
-0.5988673568
0.1826260686
0.1491468102
0.0451193415

0.0451193415
0.0451193415
0.3304129839
-0.0418974124
-0.5739167929
-0.2011097670
-0.5274317265
-0.2053696513
0.0810969025
0.0924892575
0.0495850518
0.0451193415

0.0451193415
0.0451193415
0.0451193415
-0.0165839531
-0.4757068753
-0.3963814974
0.0392567664
0.1080654114
0.0566823371
0.0451193415
0.0451193415
0.0451193415


-0.1904440820
-0.1904440820
-0.1904440820
-0.1904440820
-0.1904440820
-0.1904440820
-0.1904440820
-0.0879985616
0.0223568678
-0.0022317916
-0.2118256092
-0.1904440820

-0.1904440820
-0.1904440820
-0.1904440820
-0.1904440820
-0.1904440820
-0.1904440820
0.0209300071
0.6237757206
0.8583067656
0.1862848699
-0.2809049785
-0.1930098683

-0.1904440820
-0.1904440820
-0.1904440820
-0.1904440820
-0.1904440820
0.2138015330
0.3230431974
0.3015027642
0.5400562286
1.0541689396
0.7391448021
-0.2298055738

-0.1904440820
-0.1904440820
-0.1904440820
-0.1904440820
-0.1464257985
0.5137068033
0.3954574168
0.2709724903
0.7294685841
0.6703324318
1.3954839706
-0.4374516308

-0.1904440820
-0.1904440820
-0.1904440820
-0.2620832920
0.4374496043
0.3639613688
0.1679750085
-0.2911104560
0.3008441329
-0.1901186854
1.5435873270
0.0277913660

-0.1904440820
-0.1904440820
-0.1904440820
0.2577833533
0.4509235322
-0.3337303996
0.1131918430
-0.0276163667
-0.0167126805
-0.6370226145
1.4583704472
0.3817967474

-0.1904440820
-0.1904440820
-0.2069521695
0.5138309002
0.8840595484
-0.2687399089
-0.0795569867
-0.1644439101
-0.1949454844
-0.1311385632
1.3498126268
0.2243435681

-0.1904440820
-0.1904440820
-0.2793456018
1.1331639290
0.7534898520
-0.1517818868
-0.1904440820
-0.2213108242
0.3585313261
0.1669001579
0.5061297417
0.0068994015

-0.1904440820
-0.1904440820
-0.4320770502
1.2371745110
0.6795752048
-0.3172949255
0.0435649008
0.6114956141
0.4291145504
-0.1776763201
-0.0163879544
-0.0199936181

-0.1904440820
-0.1904440820
-0.3883638382
1.3990780115
1.2533063889
0.3410092890
0.6703335047
0.4734316766
-0.0800792947
0.0514483303
-0.0881815106
-0.1904440820

-0.1904440820
-0.1904440820
-0.3623362780
0.6467707157
1.1613311768
0.6161923409
-0.1407004148
0.0169209540
0.0920465887
-0.0474804342
-0.1573417485
-0.1904440820

-0.1904440820
-0.1904440820
-0.1904440820
-0.4267035425
-0.1014458761
0.2191591263
0.2304862738
0.1194984615
-0.1047326773
-0.1904440820
-0.1904440820
-0.1904440820


0.0021838127
0.0021838127
0.0021838127
0.0021838127
0.0021838127
0.0021838127
0.2449450642
0.2249508202
1.1358240843
0.9310759902
0.8110859990
0.0021838127

0.0021838127
0.0021838127
0.0021838127
0.0021838127
0.0132069746
0.2252191752
0.2303877175
1.1256139278
1.3705953360
0.9957644343
0.6944520473
0.6093409657

0.0021838127
0.0021838127
0.0021838127
0.0021838127
0.2327506840
0.2082333565
0.8782360554
1.0855994225
0.2477832437
0.2144892067
0.4631969333
0.6662660837

0.0021838127
0.0021838127
0.0021838127
0.1685435027
0.2449450642
0.6679511070
0.8294636011
0.0011982005
-0.8085769415
-0.6217665076
-0.0793928429
0.3389362395

0.0021838127
0.0021838127
0.0650032312
0.2117617577
0.4707479775
0.7683264017
-0.0845827535
-0.8570992947
-0.6396710873
-0.5262656212
0.2480932176
0.3673993051

0.0021838127
0.0021838127
0.2127979100
0.0237902887
0.9245299101
0.1438622475
-0.4062085748
-0.1027067825
0.0021838127
-0.1206365302
0.2388518900
0.2742679715

0.0021838127
0.0021838127
0.0957438871
0.0408949219
0.4960885346
-0.4878644049
0.0021838127
0.0099000260
0.2231317461
-0.0991027877
0.6643781066
-0.1015083492

0.0021838127
0.0021838127
0.0283371918
-0.1082464606
0.2544837296
-0.1313229799
0.1278478503
0.2181404382
0.3691850901
0.8974342346
0.5967792869
-0.4440268278

0.0021838127
0.0021838127
-0.0390805267
0.1810194552
0.4549369216
0.9636648297
0.8889226317
0.9030512571
1.0255390406
0.8995833993
-0.4294327497
-0.0742936879

0.0021838127
0.0021838127
-0.1015924811
-0.0450839922
0.4039699137
0.8278412819
0.9199728370
1.0360760689
-0.0083347950
-0.3877329230
0.0021838127
0.0021838127

0.0021838127
0.0021838127
-0.0591846704
-0.4140711725
-0.7191764712
-0.6091115475
-0.5866253376
-0.8311988711
-0.1927090883
0.0021838127
0.0021838127
0.0021838127

0.0021838127
0.0021838127
0.0021838127
-0.1076330766
-0.4229192436
-0.6145499349
-0.3033666313
-0.0376706570
0.0021838127
0.0021838127
0.0021838127
0.0021838127


0.1524720192
0.1524720192
0.1524720192
0.1524720192
0.1524720192
0.1524720192
0.1703401506
0.1632969379
-0.1759662628
0.0435676277
0.1482037902
0.1524720192

0.1524720192
0.1524720192
0.1524720192
0.1524720192
0.1559755802
0.1713912040
0.1401672214
-0.7990809083
-1.2885437012
-0.7172944546
-0.0513335764
0.1519598365

0.1524720192
0.1524720192
0.1524720192
0.1524720192
0.2003479004
0.0350084528
-0.9060395956
-1.6002492905
-1.3629639149
-1.0946726799
-0.3916391730
0.0609048456

0.1524720192
0.1524720192
0.1524720192
0.1692890823
0.1465317160
-0.9089469910
-0.9098849297
-0.7641113400
-0.4781040549
-0.5367484689
-0.5283855796
0.0074657202

0.1524720192
0.1524720192
0.1659798473
0.1735933125
-0.7506442070
-0.6629520655
-0.1308149397
-0.0560979694
0.0775071681
-0.3586478829
-0.9718121290
-0.1169763505

0.1524720192
0.1524720192
0.1790990233
-0.3636261225
-0.7989602685
0.0217408538
0.0963139161
0.1299910396
0.1524720192
-0.3928951621
-0.9908466339
-0.0673155487

0.1524720192
0.1524720192
0.1120887548
-0.9138215780
-0.2863470316
0.0315311253
0.1524720192
0.1549245119
0.1936097741
-0.5182235241
-0.5899165273
0.0056520402

0.1524720192
0.1524720192
0.0381718576
-0.9738364220
-0.1293013692
0.1154946387
0.1924125254
0.1692890823
-0.0814645886
-0.7752890587
-0.0479742438
0.1192423999

0.1524720192
0.1524720192
-0.0310508758
-0.9465327263
-0.3062151670
0.0778284147
-0.0162193328
-0.5974557400
-0.8326808214
0.0640775412
0.1963357329
0.1229373440

0.1524720192
0.1524720192
-0.0081121773
-0.7400971651
-1.1679449081
-1.2387644053
-1.0969671011
-0.3782824278
0.1293544918
0.1704816371
0.1524720192
0.1524720192

0.1524720192
0.1524720192
0.0872528106
-0.1023790836
-0.5310889482
-0.4400795698
-0.1584670544
0.1947553754
0.1671115160
0.1524720192
0.1524720192
0.1524720192

0.1524720192
0.1524720192
0.1524720192
0.0544137135
0.0326608121
-0.0348398983
0.1845672876
0.1370807141
0.1524720192
0.1524720192
0.1524720192
0.1524720192


-0.2059550136
-0.2059550136
-0.2059550136
-0.2059550136
-0.2059550136
-0.2059550136
-0.1696866900
1.0580074787
2.3005223274
2.1767451763
1.0408141613
-0.2059550136

-0.2059550136
-0.2059550136
-0.2059550136
-0.2059550136
-0.2059550136
-0.1282540262
1.2631902695
2.1405053139
2.3798983097
1.5519138575
0.9652303457
0.6956058741

-0.2059550136
-0.2059550136
-0.2059550136
-0.2059550136
-0.0503458977
1.4058400393
2.1570425034
1.6502234936
0.2785732150
0.7344710231
1.1065325737
0.8270430565

-0.2059550136
-0.2059550136
-0.2059550136
-0.1619433314
1.0007456541
1.7022507191
1.3086892366
-0.6740092635
-1.0617045164
-0.7587872744
0.5537861586
0.9747374058

-0.2059550136
-0.2059550136
-0.2059550136
0.6438073516
1.5182580948
1.1009104252
-1.3701764345
-0.6960757375
-0.4547429085
0.0519168228
0.6168063879
0.9964927435

-0.2059550136
-0.2059550136
0.0366861969
0.9713163376
0.9488819838
-0.8057911992
-0.1363359392
-0.0829628408
-0.1835921854
-0.0717565864
0.0953609198
0.5489476919

-0.2059550136
-0.2059550136
0.2016187757
0.6430255175
-0.1138142422
-0.1382918656
-0.0485014766
-0.1858462840
0.0405878574
0.8434994221
0.3694784045
-0.1441425681

-0.2059550136
-0.2059550136
-0.0730800331
0.0101168901
0.2724542618
0.2226726562
-0.2059550136
0.4435602427
2.0198478699
1.5238542557
-0.3904294968
-0.1070258096

-0.2059550136
-0.2059550136
-0.1546007991
0.1676812917
1.5022623539
1.9441390038
2.4441540241
2.6603574753
2.2996990681
-0.3651006818
-0.0433245152
-0.0317035466

-0.2059550136
-0.2059550136
-0.1819193363
0.0352876335
1.6027921438
2.4354119301
2.6336007118
1.0622718334
-1.2519302368
-0.0293245763
-0.0692589730
-0.2059550136

-0.2059550136
-0.2059550136
-0.2578085065
-0.8739045262
-1.0877417326
-1.1221513748
-1.6974425316
-0.3567785025
-0.0830428228
-0.0611827075
-0.1657375544
-0.2059550136

-0.2059550136
-0.2059550136
-0.2059550136
-0.2636204362
-0.5196419954
-0.3247111738
-0.0705644637
-0.0450827628
-0.1018205211
-0.2059550136
-0.2059550136
-0.2059550136


-0.0896839425
-0.0896839425
-0.0896839425
-0.0896839425
-0.0896839425
-0.0896839425
0.0743489936
0.0811781511
0.1925040483
0.2923892736
0.1168283299
-0.0896839425

-0.0896839425
-0.0896839425
-0.0896839425
-0.0896839425
-0.0798997581
0.0511912927
0.1647055745
0.5930894613
1.1810244322
1.0784696341
0.7731654644
-0.0969036892

-0.0896839425
-0.0896839425
-0.0896839425
-0.0896839425
0.0604191646
0.2044849694
0.5702071786
0.6035683751
0.4173302054
0.0680713877
0.5325864553
0.4948535562

-0.0896839425
-0.0896839425
-0.0896839425
0.0101126581
0.0972463861
0.5605201125
0.6799287200
0.2276712954
-0.3708893359
-0.2413904369
0.1319780648
0.4481698871

-0.0896839425
-0.0896839425
-0.0404794365
0.0457720086
0.5917363167
0.3531510532
-0.2208305597
-0.8835866451
-0.9665879011
-0.4922001362
-0.0787464231
0.2463495135

-0.0896839425
-0.0896839425
0.0570783988
0.3015244603
0.4906085134
-0.1751153022
-0.8579765558
-0.2288410664
-0.0896839425
0.0059667602
-0.0645287782
0.0858740732

-0.0896839425
-0.0896839425
0.1395949721
0.2473075688
0.0369151011
-0.4918830991
-0.0896839425
-0.0828350186
0.0393403545
0.0439053252
-0.2234429419
-0.2524137795

-0.0896839425
-0.0896839425
0.1159811839
-0.0541189834
-0.2965265214
-0.2711541653
0.0218557119
0.0482911393
0.2461755276
0.5644607544
-0.2375145555
-0.5442783833

-0.0896839425
-0.0896839425
0.0084721670
-0.0986553058
0.0595249310
0.1576435268
0.0237132534
0.6275842786
0.7413199544
0.3633530438
-0.5190044045
-0.1994898617

-0.0896839425
-0.0896839425
-0.0211048648
-0.0715903118
0.4793726802
1.0529512167
1.1072387695
0.9948155284
0.3695199788
-0.5797879696
-0.0896839425
-0.0896839425

-0.0896839425
-0.0896839425
-0.1137167960
-0.2987605929
-0.4323756695
0.6468246579
0.4924470186
-0.7492050529
-0.5560733676
-0.0896839425
-0.0896839425
-0.0896839425

-0.0896839425
-0.0896839425
-0.0896839425
-0.1396901011
-0.6094837189
-1.2250008583
-0.7011453509
-0.1469067484
-0.0896839425
-0.0896839425
-0.0896839425
-0.0896839425


-0.0058405297
-0.0058405297
-0.0058405297
-0.0058405297
-0.0058405297
-0.0058405297
-0.0011986541
-0.0361184999
-0.2262467742
-0.1932087690
-0.0139409211
-0.0058405297

-0.0058405297
-0.0058405297
-0.0058405297
-0.0058405297
-0.0049303579
-0.0009256029
-0.0871490017
-0.9120373726
-1.3164269924
-1.2638288736
-0.1400341839
-0.0068125767

-0.0058405297
-0.0058405297
-0.0058405297
-0.0058405297
-0.0011986541
-0.2117380351
-0.9877191782
-0.5681748390
-0.0835726559
-0.5012788177
-1.0667536259
-0.0509502515

-0.0058405297
-0.0058405297
-0.0058405297
-0.0014717057
-0.0842948556
-0.9408087134
0.3084628582
0.8448593020
0.7626993656
0.7428983450
-0.3050892651
-0.2100216448

-0.0058405297
-0.0058405297
-0.0052034096
-0.0389965624
-0.6805269718
0.7537474036
0.9522434473
1.1891363859
1.1105157137
0.7674243450
-0.4092700183
-0.6990159750

-0.0058405297
-0.0058405297
0.0010767747
-0.4107456207
0.3637949526
1.1752551794
0.7718484998
0.1483846158
0.0853678584
0.3002714515
-0.0807861313
-0.6256121397

-0.0058405297
-0.0058405297
-0.0283542126
-0.2429008931
0.1289661378
0.0626758710
-0.0053179227
-0.0052034096
0.0003046719
0.1875067651
-0.0306167006
-0.1213556901

-0.0058405297
-0.0058405297
0.1706336737
0.0853937641
-0.1395889819
-0.0511138663
0.0045354273
-0.0014717057
-0.2714083493
-0.0728435963
0.8226644993
0.1944185644

-0.0058405297
-0.0058405297
0.1865756661
-0.0364800692
-0.5569341779
-0.1353694946
-0.1579392999
-0.7739853859
-0.1546061784
0.8842552900
0.8607530594
-0.0246341899

-0.0058405297
-0.0058405297
0.4033799767
0.3146089613
-0.9510791898
-1.8912266493
-0.7626093626
0.9383503795
1.1845606565
0.5237787962
-0.0058405297
-0.0058405297

-0.0058405297
-0.0058405297
0.6564138532
1.5556654930
1.6288061142
1.1680425406
1.3177196980
1.2177400589
0.6176869273
-0.0058405297
-0.0058405297
-0.0058405297

-0.0058405297
-0.0058405297
0.3579952121
0.8855570555
1.6369388103
1.8019429445
1.0095525980
-0.0139946351
-0.0058405297
-0.0058405297
-0.0058405297
-0.0058405297


-0.1422254145
-0.1422254145
-0.1422254145
-0.1422254145
-0.1422254145
-0.1422254145
0.1228435636
0.9474740028
1.0651721954
0.4407735765
-0.0903952420
-0.1422254145

-0.1422254145
-0.1422254145
-0.1422254145
-0.1422254145
-0.1343303919
0.1316207647
0.6643500328
0.8073105812
0.7129678726
0.3232269585
-0.1573710293
-0.1450742334

-0.1422254145
-0.1422254145
-0.1422254145
-0.1422254145
0.2334989011
0.7433807850
0.7377103567
0.1488199234
-0.7098151445
0.1662717462
-0.0600319654
-0.1237095594

-0.1422254145
-0.1422254145
-0.1422254145
0.0572933108
0.4834281504
0.5295548439
-0.2567666769
-1.1252903938
-1.0533856153
-0.3182810247
0.3811202943
-0.4757620394

-0.1422254145
-0.1422254145
-0.0897326618
0.4773884714
0.5047299862
-0.3883129358
-1.1335023642
-0.8275672197
-0.3121604621
-0.4686272740
0.4632635415
-0.4865220189

-0.1422254145
-0.1422254145
0.2328726947
0.3021747768
-0.2273488641
-1.0424672365
-0.1538884342
-0.1740999520
-0.0694284290
-0.3074840605
0.3444271982
-0.3744275868

-0.1422254145
-0.1422254145
0.1940966547
0.0261970311
-0.4134155810
-0.5069334507
-0.1422254145
-0.1225339621
0.2796787620
0.1098162234
-0.1406253874
-0.6867092848

-0.1422254145
-0.1422254145
-0.1425093561
-0.1733208299
-0.1659559011
-0.2156116664
-0.0522221550
0.5264809132
0.7503188848
0.0527924001
-0.4765940011
-0.3892976642

-0.1422254145
-0.1422254145
-0.1973960102
0.4433726966
0.5336797237
0.7640739679
0.9445766211
0.7704155445
0.1871567369
-0.7741539478
-0.2656516731
-0.1649418771

-0.1422254145
-0.1422254145
-0.2443642914
0.4150006473
0.7815383673
0.7291284800
0.5899488926
-0.4525068998
-0.8606675863
-0.2861275673
-0.1422254145
-0.1422254145

-0.1422254145
-0.1422254145
-0.2152154446
-0.8785389662
-0.6440430880
-1.0402822495
-1.1421695948
-0.6531687975
-0.0950853378
-0.1422254145
-0.1422254145
-0.1422254145

-0.1422254145
-0.1422254145
-0.1422254145
-0.2476392984
-0.6810649633
-0.3885736465
-0.1341037899
-0.1360640675
-0.1422254145
-0.1422254145
-0.1422254145
-0.1422254145


-0.3841714561
-0.3841714561
-0.3841714561
-0.3841714561
-0.3841714561
-0.3841714561
-0.2759432197
-0.0943521857
0.2088775337
0.1568028033
-0.1600584239
-0.3841714561

-0.3841714561
-0.3841714561
-0.3841714561
-0.3841714561
-0.3792683482
-0.2732624412
-0.2718302906
-0.0251334608
-0.0821465254
0.2657833993
0.2189180553
-0.1886033863

-0.3841714561
-0.3841714561
-0.3841714561
-0.3841714561
-0.3155195415
-0.1737461537
0.1356413066
0.3782629073
0.4832635820
-0.5230752826
0.0335327685
0.0141035020

-0.3841714561
-0.3841714561
-0.3841714561
-0.3185647726
-0.1995637715
0.2225190699
0.3795692623
0.2780915797
-0.1826723814
-0.1955726147
-0.3694019914
-0.0321888328

-0.3841714561
-0.3841714561
-0.3641119301
-0.2684986889
0.1839000881
0.3895243108
0.1410006583
-0.2504862547
-0.5860271454
-0.3588588536
-0.4504107535
-0.1803826690

-0.3841714561
-0.3841714561
-0.3453140855
-0.0135181844
0.3720870316
0.4344253838
-0.6855461597
-0.4936827123
-0.3841714561
0.0353616178
-0.0669159293
-0.3573400676

-0.3841714561
-0.3841714561
-0.2884955108
0.1119897366
0.1998974979
-0.5375052691
-0.3841714561
-0.3807392716
-0.2868809700
0.1926015913
0.2443861663
-0.5616562963

-0.3841714561
-0.3841714561
0.0289167762
0.1190961301
-0.0878925920
-0.5299735665
-0.3282758892
-0.2051800042
-0.2089958489
0.2478739321
0.2230095565
-0.7213114500

-0.3841714561
-0.3841714561
0.0344798565
-0.0448125899
-0.1099928021
-0.0380567908
-0.0367154479
-0.1319493353
0.1568174064
0.2297323644
-0.2437299043
-0.4763260484

-0.3841714561
-0.3841714561
-0.0345160067
-0.1330864727
-0.5204120874
-0.0746491253
0.1217546165
0.2369643748
0.1988162696
-0.4617029428
-0.3841714561
-0.3841714561

-0.3841714561
-0.3841714561
0.1952570975
0.3408268988
-0.2314554453
-0.2524647117
-0.0077891946
-0.0510051548
-0.7240534425
-0.3841714561
-0.3841714561
-0.3841714561

-0.3841714561
-0.3841714561
-0.1627850384
0.2125742733
0.1352293789
-0.3934624791
-0.7625194788
-0.4321956933
-0.3841714561
-0.3841714561
-0.3841714561
-0.3841714561


0.2496749014
0.2496749014
0.2496749014
0.2496749014
0.2496749014
0.2496749014
0.4460302591
0.6086099744
0.6220089197
0.6641866565
0.6112799644
0.2496749014

0.2496749014
0.2496749014
0.2496749014
0.2496749014
0.2567385733
0.4438774586
0.4725113511
0.3420436680
0.3784977794
0.3652813137
0.6708654761
0.6123901606

0.2496749014
0.2496749014
0.2496749014
0.2496749014
0.3693877459
0.5929957032
0.2685977817
0.1083633155
-0.4507527351
-0.2542841434
0.2144835591
0.6076698899

0.2496749014
0.2496749014
0.2496749014
0.3832586706
0.4653487802
0.1261714101
-0.2609299421
-0.5707887411
-0.7693325281
-0.4101843238
-0.3785276413
0.4760753512

0.2496749014
0.2496749014
0.2850506306
0.4967464805
0.2340882719
-0.4552823901
-0.5598498583
-0.4628325701
0.0352824032
-0.3163612485
-0.2779023647
0.4091326594

0.2496749014
0.2496749014
0.3761951327
0.4380376339
-0.4578503966
-0.2425119132
0.0127423555
0.1460723281
0.2929266989
0.0590888113
-0.3161714077
0.1377701610

0.2496749014
0.2496749014
0.2712656558
0.0174204111
0.2341455221
0.0258660167
0.2496749014
0.2546194494
0.4966593981
0.2352742255
-0.1594042033
-0.0571159869

0.2496749014
0.2496749014
0.2709112763
-0.4506682158
0.1535383165
0.1640446186
0.3302006125
0.5359137058
0.5178331733
-0.0705844611
-0.1818668693
-0.0783552676

0.2496749014
0.2496749014
0.1858692467
-0.4241579175
0.2628569305
0.7559862137
0.6717297435
0.5094493628
0.2273966670
-0.2223382741
-0.0166634470
0.1801381707

0.2496749014
0.2496749014
0.1648121178
-0.4426664114
-0.1933616251
0.3427285552
0.1882361621
-0.0429827720
-0.3599897027
0.0172917694
0.2496749014
0.2496749014

0.2496749014
0.2496749014
0.1993169338
-0.3426622748
-0.6491863728
-0.9603048563
-0.8787872791
-0.2199523300
0.0814233124
0.2496749014
0.2496749014
0.2496749014

0.2496749014
0.2496749014
0.2496749014
0.0854062140
-0.1758202165
-0.0176184028
0.0813645720
0.2134374380
0.2496749014
0.2496749014
0.2496749014
0.2496749014


-0.0816021711
-0.0816021711
-0.0816021711
-0.0816021711
-0.0816021711
-0.0816021711
0.4076751471
1.7017863989
2.3214969635
1.8612542152
0.6848875284
-0.0816021711

-0.0816021711
-0.0816021711
-0.0816021711
-0.0816021711
-0.0680696666
0.4198567271
1.5657234192
2.1686210632
3.3498382568
2.8567962646
1.5855977535
0.3232356310

-0.0816021711
-0.0816021711
-0.0816021711
-0.0816021711
0.6034498215
1.7814675570
1.6970261335
1.6722427607
0.9282633662
2.2153918743
1.5868651867
1.1175686121

-0.0816021711
-0.0816021711
-0.0816021711
0.2874594927
1.2721215487
1.5296812057
1.1308417320
0.3709299564
-0.1263089329
0.6561425924
1.0274699926
1.1345319748

-0.0816021711
-0.0816021711
0.0078399777
1.2777566910
1.3143728971
0.5605416894
-0.1682073474
-1.0486910343
-0.5535243154
-0.3711659312
1.3057124615
1.4369531870

-0.0816021711
-0.0816021711
0.6754032373
1.0155063868
0.3989233375
-0.0444629341
-0.3323784471
-0.1476284862
-0.0816021711
-0.0457809009
0.9103838801
1.3527697325

-0.0816021711
-0.0816021711
0.7503263354
0.7129853964
0.7290572524
0.2863655686
-0.0816021711
-0.0721294209
0.7264298797
0.6799235344
0.2992278337
0.9697404504

-0.0816021711
-0.0816021711
0.0736845285
0.0057160929
0.6763336062
0.2539731264
0.0726683885
1.0975869894
1.5527259111
0.7702628374
0.1060311496
-0.0285163559

-0.0816021711
-0.0816021711
-0.0689905956
1.1442606449
2.2080483437
2.0611591339
2.4079899788
2.2811388969
1.5722041130
0.0899691731
-0.3324875832
-0.1295941621

-0.0816021711
-0.0816021711
-0.1496952176
1.1032932997
3.0657346249
3.2545270920
2.8987789154
1.4329775572
-0.2943420112
-0.3380133510
-0.0816021711
-0.0816021711

-0.0816021711
-0.0816021711
-0.1811318099
-1.3740257025
-0.1659711897
0.0552832931
-0.7092882395
-0.7364997864
-0.1977222413
-0.0816021711
-0.0816021711
-0.0816021711

-0.0816021711
-0.0816021711
-0.0816021711
-0.1911740005
-0.6805317998
-0.6283633709
-0.2611522675
-0.1066120788
-0.0816021711
-0.0816021711
-0.0816021711
-0.0816021711


0.1927132457
0.1927132457
0.1927132457
0.1927132457
0.1927132457
0.1927132457
0.2125972062
0.1971380264
-0.1223085374
-0.1567295343
0.1541149914
0.1927132457

0.1927132457
0.1927132457
0.1927132457
0.1927132457
0.1966120601
0.2137668580
0.1565897316
-0.6212107539
-1.2551046610
-0.9571295977
-0.0826955885
0.1880814582

0.1927132457
0.1927132457
0.1927132457
0.1927132457
0.2429985404
0.0176174492
-0.6451549530
-1.0493493080
-0.7193768024
-0.8425563574
-0.8004620075
0.0693915039

0.1927132457
0.1927132457
0.1927132457
0.2114275694
0.1636713296
-0.5725076199
-0.7730568647
0.0538163483
0.0487359762
0.1588684916
-0.5568417311
-0.2778429985

0.1927132457
0.1927132457
0.2056507170
0.2038023472
-0.4011574388
-0.4664746523
0.0201984048
0.3887533545
0.5219096541
0.4501534700
-0.5517421961
-0.5431739688

0.1927132457
0.1927132457
0.2223442495
-0.1753020138
-0.5400118232
-0.0246101171
0.4139712453
0.3718795180
0.3159331679
0.2819964886
-0.5075386763
-0.4893438816

0.1927132457
0.1927132457
0.1662977934
-0.4031103849
-0.6061475277
0.1598753035
0.3727514744
0.2233012170
0.2374459952
0.0308608860
-0.4540011287
-0.0538942069

0.1927132457
0.1927132457
0.2251279056
-0.2021941692
-0.5001600981
0.2532389164
0.2371597588
0.2114275694
-0.0850955993
-0.3211208582
-0.0607747883
0.2537514567

0.1927132457
0.1927132457
0.1904519349
-0.3459261060
-0.6472937465
0.0202630758
-0.0079403371
-0.6872014999
-0.5030553937
-0.1538770050
0.3729836345
0.3934738636

0.1927132457
0.1927132457
0.2317354679
0.0339276195
-0.9621433020
-1.4508842230
-0.7365671396
-0.2975603342
0.0607640743
0.3434129953
0.3132489622
0.1927132457

0.1927132457
0.1927132457
0.4443888664
0.6554471254
0.6599456668
0.2759246528
0.1114591733
0.3389014006
0.4098272622
0.3498203158
0.2317305952
0.1927132457

0.1927132457
0.1927132457
0.1927132457
0.4623978138
0.7721520662
0.6387624145
0.5201081634
0.4189878106
0.2937403023
0.1927132457
0.1927132457
0.1927132457


-0.3251346350
-0.3251346350
-0.3251346350
-0.3251346350
-0.3251346350
-0.3251346350
-0.2631209493
-0.0618019104
-0.0384145081
-0.4996408224
-0.3506174386
-0.3251346350

-0.3251346350
-0.3251346350
-0.3251346350
-0.3251346350
-0.3230974376
-0.2676222920
0.2826388478
0.5368317366
1.1071822643
1.0842541456
-0.0908650607
-0.3281925619

-0.3251346350
-0.3251346350
-0.3251346350
-0.3251346350
-0.2233056128
0.3864952326
0.2381514907
0.3543978333
0.3558646441
1.0161341429
1.0635055304
-0.3357253969

-0.3251346350
-0.3251346350
-0.3251346350
-0.2790466547
0.1902096868
0.3258684874
0.3324342966
0.5096144676
0.4619417787
0.4948385954
0.8984125853
0.0131047666

-0.3251346350
-0.3251346350
-0.3119030595
0.1917818189
0.2468258739
0.1134384871
-0.0719704926
-0.4551899433
-0.5273078084
-0.0906074792
0.5570102334
0.5189505219

-0.3251346350
-0.3251346350
-0.1558570117
0.2141498327
0.1111927032
-0.4537297487
-0.1861066967
-0.2567826211
-0.3251346350
-0.1473814994
0.4166814685
0.4430605769

-0.3251346350
-0.3251346350
0.0911560953
0.1185697019
-0.1145671010
0.0020604730
-0.3199567795
-0.3228333592
-0.2301612794
-0.2147306055
0.1950441599
0.2762477398

-0.3251346350
-0.3251346350
-0.2130926102
-0.0314243436
0.0173691511
-0.0313214362
-0.3019107282
-0.1828249097
0.0609322786
-0.2124284804
-0.0735577047
0.1608101428

-0.3251346350
-0.3251346350
-0.3332628310
0.1532288492
0.4495037198
-0.3462372720
0.0078231692
0.1520094573
0.1649540961
-0.1519506425
-0.0498072505
-0.1124876738

-0.3251346350
-0.3251346350
-0.3482832015
0.5434135795
1.6247891188
1.2648190260
0.7369456291
0.3524273634
0.0067502856
-0.0617720187
-0.1823773682
-0.3251346350

-0.3251346350
-0.3251346350
-0.4474588633
-0.2901095152
1.3388838768
1.4631434679
0.4552823901
-0.2315827608
-0.3307709098
-0.3144501746
-0.3205320835
-0.3251346350

-0.3251346350
-0.3251346350
-0.3251346350
-0.4795654118
-0.9922142625
-0.7264846563
-0.3881485760
-0.3076188266
-0.3132173419
-0.3251346350
-0.3251346350
-0.3251346350


-0.1656197757
-0.1656197757
-0.1656197757
-0.1656197757
-0.1656197757
-0.1656197757
0.1712511331
0.8657934070
1.1171802282
0.4720404148
-0.1380910575
-0.1656197757

-0.1656197757
-0.1656197757
-0.1656197757
-0.1656197757
-0.1560610235
0.1701613814
0.9336237311
1.3200552464
1.1794253588
0.7029697895
0.1548248082
-0.1691939533

-0.1656197757
-0.1656197757
-0.1656197757
-0.1656197757
0.3253908157
1.0662732124
1.4676988125
1.5819119215
0.7847225666
0.7736049294
0.3207706213
-0.0319966823

-0.1656197757
-0.1656197757
-0.1656197757
0.0891032964
0.9803417325
1.4191886187
1.1929752827
0.8197275996
0.2952994108
1.0891417265
0.2944054604
-0.0478934199

-0.1656197757
-0.1656197757
-0.1015716717
0.8288245201
1.1691029072
1.1721552610
0.1673363000
0.1323756427
-0.0813078061
1.5366946459
0.9349637628
0.0778214186

-0.1656197757
-0.1656197757
0.3983554840
1.2152692080
1.0219757557
0.1248080581
-0.1290946305
-0.0240870565
-0.1528529972
1.4155057669
1.0902465582
-0.1400534660

-0.1656197757
-0.1656197757
0.6732203960
1.3179162741
0.5770837665
-0.0652473345
-0.0185837597
-0.1366511285
0.3752840161
1.3160661459
0.9471746087
-0.3529216349

-0.1656197757
-0.1656197757
0.9351159930
1.2214235067
-0.2135700583
-0.0646989346
-0.0566499159
0.5358051062
0.8117897511
1.0260202885
0.4737463593
-0.1432666034

-0.1656197757
-0.1656197757
0.9400324225
1.3268419504
0.4733483195
0.7667434812
1.1027464867
1.0727672577
0.8811975121
0.4096489549
-0.1887689084
0.0255030692

-0.1656197757
-0.1656197757
0.8411927819
1.2487920523
0.9820758700
1.3102853298
1.1097285748
0.6978445649
0.1537521034
-0.2203759551
0.0133651346
-0.1656197757

-0.1656197757
-0.1656197757
0.2372873276
0.4674254060
0.4839746952
0.5685136914
0.0485114902
-0.3224213719
-0.0391198993
-0.0257018209
-0.1076824665
-0.1656197757

-0.1656197757
-0.1656197757
0.0047235489
0.2973585129
0.2875222564
0.0391332507
0.0232371837
-0.0414525717
-0.0156035274
-0.1656197757
-0.1656197757
-0.1656197757


-0.2424799502
-0.2424799502
-0.2424799502
-0.2424799502
-0.2424799502
-0.2424799502
0.0775365829
0.2695579231
0.0727565587
-0.6254192591
-0.2966735363
-0.2424799502

-0.2424799502
-0.2424799502
-0.2424799502
-0.2424799502
-0.2301842272
0.0651551783
0.3683898151
0.3970499933
0.9519073963
1.0184259415
0.1231305599
-0.2489831746

-0.2424799502
-0.2424799502
-0.2424799502
-0.2424799502
0.1125855744
0.4182387292
0.2946711481
0.8501681089
0.9235042334
1.0435903072
0.7439348698
-0.2935989797

-0.2424799502
-0.2424799502
-0.2424799502
-0.0157372057
0.3407312334
0.5115152597
0.3226622045
1.0456950665
0.9627548456
1.0474461317
0.9805582762
-0.2629203200

-0.2424799502
-0.2424799502
-0.1703849733
0.3755777180
0.3794387877
0.2997865379
0.7227352858
0.3071858585
0.1846696734
0.3978941739
0.8713865280
0.0538974702

-0.2424799502
-0.2424799502
0.1463690400
0.4476085007
0.0342372656
0.3329135478
0.3396156132
-0.1610908657
-0.1879148781
0.3468153775
0.8778860569
0.2511520982

-0.2424799502
-0.2424799502
0.2652937472
0.4399439991
0.3410506546
0.1646317542
-0.2424799502
-0.2306146026
0.1456901729
0.2695332468
0.6163432598
0.3971297443

-0.2424799502
-0.2424799502
0.1877808869
0.4280194938
0.4599722326
-0.1806575358
-0.1023087800
0.2187051177
0.1857474446
-0.1091017723
0.7203745842
0.4507711828

-0.2424799502
-0.2424799502
0.1653418839
0.9500513077
0.8814642429
-0.2319706082
0.0518487990
-0.0201212913
0.0399486721
0.4865577519
0.4016838372
-0.1894422472

-0.2424799502
-0.2424799502
0.0826835930
1.0443997383
1.6512199640
0.7549238205
0.3523103297
0.5476365089
0.6028399467
0.5135068893
-0.1737471521
-0.2424799502

-0.2424799502
-0.2424799502
-0.2617532313
0.3314521015
1.1659688950
1.0838695765
0.7968260050
0.5440715551
0.1429402232
-0.2345787734
-0.2424799502
-0.2424799502

-0.2424799502
-0.2424799502
-0.2424799502
-0.2584692538
-0.2241362184
-0.0810041577
-0.0715546757
-0.1959753782
-0.2424799502
-0.2424799502
-0.2424799502
-0.2424799502


-0.0035439886
-0.0035439886
-0.0035439886
-0.0035439886
-0.0035439886
-0.0035439886
-0.0035439886
0.2165277451
0.6369850636
0.6959014535
0.0449417457
-0.0035439886

-0.0035439886
-0.0035439886
-0.0035439886
-0.0035439886
-0.0035439886
-0.0035439886
0.0389935113
0.7693081498
0.9031352401
0.7946246862
0.5620514750
-0.0075488221

-0.0035439886
-0.0035439886
-0.0035439886
-0.0035439886
-0.0035439886
0.1263439059
0.5570211411
0.5905651450
0.5757600069
0.7018039823
1.0914605856
-0.1160333902

-0.0035439886
-0.0035439886
-0.0035439886
-0.0035439886
-0.2206564248
0.8055790663
0.7944023609
-0.0441410355
0.5304064751
0.0357612707
1.1670531034
0.2171286345

-0.0035439886
-0.0035439886
-0.0035439886
-0.2120997012
0.9254213572
0.7018073201
0.0812097713
-0.3012967706
0.1190400869
-0.4634441733
1.6311254501
0.5398038030

-0.0035439886
-0.0035439886
-0.0035439886
0.3408118188
1.1447917223
-0.0787693486
-0.0466099344
-0.0442778654
-0.0035439886
-0.5857195854
1.8107010126
0.6004831791

-0.0035439886
-0.0035439886
-0.1416777372
0.9365696907
1.1869471073
-0.1307529360
-0.0035439886
-0.0035439886
-0.0108449729
0.2719438374
1.4908225536
0.1808157861

-0.0035439886
-0.0035439886
-0.3164780736
1.3258157969
0.9893040061
-0.0596591532
-0.0035439886
-0.0536078811
0.5739409924
0.5842727423
0.3669352233
-0.0569843948

-0.0035439886
-0.0035439886
-0.4077473581
1.2861907482
0.9779632688
0.1546602398
0.4331179857
0.5651882887
0.5663859248
0.2257774621
0.0432194471
-0.0350343063

-0.0035439886
-0.0035439886
-0.2822498977
0.9047012925
0.9869335890
0.6390918493
0.6740970016
0.4227094352
0.0186516736
-0.0016651487
-0.0035439886
-0.0035439886

-0.0035439886
-0.0035439886
-0.1208078712
-0.0687021911
0.2733924389
0.1648467034
-0.0495472848
-0.0774854049
-0.0510252081
-0.0035439886
-0.0035439886
-0.0035439886

-0.0035439886
-0.0035439886
-0.0035439886
-0.1335054636
-0.3544483483
-0.1869194806
-0.0823042616
-0.0232896227
-0.0035439886
-0.0035439886
-0.0035439886
-0.0035439886


0.1616761088
0.1616761088
0.1616761088
0.1616761088
0.1616761088
0.1616761088
0.2263274491
0.4941218495
0.5035872459
0.1138501838
0.1617778391
0.1616761088

0.1616761088
0.1616761088
0.1616761088
0.1616761088
0.1639960557
0.2278393805
0.8691576719
1.0729776621
0.4561576545
-0.5135831237
-0.1002262533
0.1616883129

0.1616761088
0.1616761088
0.1616761088
0.1616761088
0.2250957191
0.9093897343
1.0840528011
0.5366915464
-0.5269933939
-0.6262183189
-0.5061339736
0.0466446653

0.1616761088
0.1616761088
0.1616761088
0.2067528665
0.9864287376
1.0788176060
0.2543756962
-0.5525835156
-0.9032699466
0.4167453945
-0.2900817394
-0.0147242099

0.1616761088
0.1616761088
0.1742819250
0.7281666994
1.1138465405
0.5062208772
-1.1343188286
-0.3782680631
-0.3673629165
0.9039037824
0.4930131137
-0.5507765412

0.1616761088
0.1616761088
0.2745778561
1.1358504295
0.8450294733
-0.9101138711
-0.3420838118
0.1051213741
0.1616761088
1.2006456852
0.7759193182
-1.0509982109

0.1616761088
0.1616761088
0.7848030329
1.1704337597
-0.6214222312
-0.0874032676
0.1616761088
0.1633000672
0.2561966777
1.2044808865
0.6387230158
-0.8623482585

0.1616761088
0.1616761088
0.7517107725
1.0906213522
-1.4603312016
0.0777579248
0.1881234646
0.3586493134
0.9013287425
0.9812899232
-0.5559809208
-0.1600615084

0.1616761088
0.1616761088
0.7549807429
0.9726697206
-1.1412231922
0.1929156184
0.4665984809
0.7039562464
0.8356400728
-0.6224693060
-0.2797880471
0.0975403115

0.1616761088
0.1616761088
0.7244476676
1.0663942099
-0.5851891637
0.1329295784
0.3237786889
-0.0284157246
-0.7512870431
-0.2062629461
0.1616761088
0.1616761088

0.1616761088
0.1616761088
0.4702000320
0.6326906681
-0.1468219459
-0.5410863161
-0.7262014747
-0.5158795118
-0.1674071550
0.1616761088
0.1616761088
0.1616761088

0.1616761088
0.1616761088
0.1616761088
0.2288360894
0.0172489882
-0.4366299510
-0.2673834860
0.1282532215
0.1616761088
0.1616761088
0.1616761088
0.1616761088


-0.0044286232
-0.0044286232
-0.0044286232
-0.0044286232
-0.0044286232
-0.0044286232
-0.0044286232
-0.0517748669
-0.1091565937
-0.1652852744
-0.0547894761
-0.0044286232

-0.0044286232
-0.0044286232
-0.0044286232
-0.0044286232
-0.0044286232
-0.0044286232
-0.0627688095
-0.3750147820
-1.0581240654
-0.5837188363
-0.2350230515
-0.0104719261

-0.0044286232
-0.0044286232
-0.0044286232
-0.0044286232
-0.0044286232
-0.0618866384
-0.3208284974
-0.7051174045
-1.2710497379
-1.7285834551
-0.5207875371
-0.1578981131

-0.0044286232
-0.0044286232
-0.0044286232
-0.0044286232
-0.0589713827
-0.3680614829
-0.7987774014
-1.1130540371
-1.2680026293
-0.6146076322
-1.5050745010
-0.2960544825

-0.0044286232
-0.0044286232
-0.0044286232
-0.0423281118
-0.2673594058
-0.3259936571
-1.0625557899
0.0752524436
-0.2136253864
0.0380600616
-0.9262865782
-0.5071590543

-0.0044286232
-0.0044286232
-0.0044286232
-0.0319422707
-0.2956004739
-0.7224112153
-0.4130973220
-0.0475307256
-0.0044286232
0.3356956244
-0.5423575044
-1.0904251337

-0.0044286232
-0.0044286232
-0.0077453088
-0.0792748332
-0.7520248890
-0.3422585428
-0.0044286232
-0.0044286232
-0.0068159224
0.2814930081
-0.4529107511
-0.9731500745

-0.0044286232
-0.0044286232
0.2732360363
0.0565623492
-1.2625917196
-0.1099377275
-0.0044286232
-0.0207986776
-0.0726910084
0.0546473712
-0.6192531586
-0.3941700161

-0.0044286232
-0.0044286232
0.2897493541
0.0236065928
-1.2696797848
-0.2208091915
-0.1456456184
-0.2437700480
-0.6208497286
-0.4193656147
-0.4347882569
-0.0596284121

-0.0044286232
-0.0044286232
0.3923558593
0.1536271423
-1.7408491373
-0.7343899012
-0.8562005162
-0.7706487179
-0.6757244468
-0.4622415304
-0.0044286232
-0.0044286232

-0.0044286232
-0.0044286232
0.4520703256
0.7089176178
-0.5429271460
-1.1077178717
-0.8059438467
-0.5527321100
-0.2033004314
-0.0044286232
-0.0044286232
-0.0044286232

-0.0044286232
-0.0044286232
0.1854298413
0.6224696636
0.4717924595
0.1655483842
-0.2645391524
-0.0331947096
-0.0044286232
-0.0044286232
-0.0044286232
-0.0044286232


