-0.6657234430
2.8877997398
2.9819724560
0.3254080415

1.0981787443
2.5810840130
-1.6978549957
-1.3460177183

0.0103456229
-0.5684105754
-1.4264229536
0.1031322181

0.7141034007
2.1687264442
2.9020659924
0.5667194724


0.6754032969
0.9666300416
0.3523227274
-2.5783798695

1.1906543970
1.2240371704
1.1709623337
1.2130833864

1.3493566513
-1.3746876717
1.1384832859
1.5983840227

0.4908719957
-0.8186732531
-0.4034118354
-0.3173123598


-1.0399731398
0.0574380904
1.9820737839
2.9877085686

-0.5104416013
0.0102235824
0.8586344123
1.3861296177

-0.9619182944
-1.9809582233
-1.3544082642
-0.7323142290

0.0994426757
-0.4048150778
-0.3716936111
0.0520348996


-0.3543298841
-0.6024841666
2.0730013847
1.7098693848

-0.5927774310
0.7572970986
2.0166957378
-0.5440530777

0.5739095807
-0.2268745750
-1.6793481112
-0.2820864916

1.0247644186
-0.8199742436
2.7920341492
3.8868994713


0.6609360576
0.5159706473
1.0009046793
1.1315610409

0.2615490258
-0.3157655597
0.6880857348
-1.0833598375

-0.1245045736
-0.3604275286
0.4788161814
0.2570323348

-0.5347062349
-1.7562493086
1.7857501507
3.0468895435


-0.1265483648
0.7024248838
2.3658795357
0.0209038854

-1.2511968613
3.3930144310
-0.0269454420
-0.0067945123

2.2748379707
2.2773084641
-3.3375434875
3.5378565788

1.2073178291
-1.3388576508
-0.1731163561
1.5343698263


0.2276323736
0.6196525693
-1.3948831558
-1.1057672501

-0.0402619876
-0.9128029346
-1.2432899475
-1.2953981161

0.6186549067
0.5560377836
2.0158255100
-0.1829182804

2.7348227501
4.2799835205
2.7354912758
-0.3902496994


-0.3078773916
-0.3463818133
-0.8075448871
1.1338679790

-0.7240221500
-0.7719206810
-0.5836764574
-1.2771606445

-0.8070648909
-0.1482153982
-0.2222858071
0.6513314843

-1.1943063736
2.7441751957
-0.5802785754
-0.0584331639


-0.2701500952
-1.9951844215
3.1546885967
1.3958860636

-0.8618634939
1.1999652386
2.2295508385
-0.5672276616

-1.2183444500
-0.5919857621
-2.2151823044
-1.0134902000

-0.9784095883
0.0505669490
0.6705164313
1.1170283556


-0.3041466773
-0.2952105105
-0.0687721074
2.3148345947

-0.5882734060
-1.1955590248
-1.6973416805
-0.1482826471

-0.7831144929
0.1448268592
-0.3792345822
-1.3378379345

0.8625463843
2.4323074818
0.4547076225
-1.0557993650


0.1023259237
-2.1920704842
1.5155260563
0.2210186422

-1.0339426994
3.3528232574
2.7122273445
-1.2028652430

-2.7524020672
2.8457140923
-1.5474349260
-2.4569540024

-2.7761230469
1.8275519609
-0.7185251713
0.5188666582


0.7850087285
-0.1202022955
-1.8136596680
-0.8806113005

0.0623667017
-0.5137820244
-0.3359628916
-0.6681608558

0.6040927768
1.8393269777
1.0161976814
-0.1216722205

-0.3285241425
0.2344938219
0.3375050128
-0.6269131899


-0.2007061541
-0.0809621215
0.0142723098
-0.0683407634

-0.0702890456
-0.4169491529
-0.7401769161
-1.4623047113

-0.7487808466
-0.3467755318
-0.4958497286
0.8772779107

-0.4521734118
1.7348948717
3.2875299454
1.4047029018


-0.7017554045
-0.2182637006
2.6052908897
-0.3756262064

-0.4224091768
2.4768605232
1.8629217148
-0.4803464413

1.4059101343
1.4674170017
-4.1271381378
2.2980632782

0.9746981859
-1.0348055363
1.5761142969
2.3017315865


0.1908816397
0.6541157961
1.4393130541
0.2512579560

0.9236385226
1.6890791655
-0.3201225400
1.7583913803

2.9524555206
-0.2312872261
-1.0223363638
2.2398686409

3.1371970177
-1.2924261093
0.1688732356
1.6240963936


0.1292299926
0.0972580090
0.5710949302
-0.1313909888

0.1840712130
-0.4437652230
-0.5882079601
-0.3083640039

-0.7840528488
0.0381911248
0.2677672803
-0.2300193012

0.5154080987
0.2932832539
0.4061605632
0.1502440572


0.2456131130
-1.0566087961
2.1235096455
2.5401909351

-0.0789352208
-0.5996145010
0.9200637341
1.6885497570

0.4680892229
-1.0960084200
-0.5980044603
0.1530767530

1.6058909893
0.4170299172
2.1442120075
0.8593647480


-0.2937884033
-0.1547459960
-0.6965159774
-1.9781895876

-0.5468359590
0.0252292268
0.3535485864
0.4427087307

-0.6673288345
1.4578107595
1.3898289204
0.9307401776

-0.7224245667
-1.8868960142
-0.9466770887
-0.4188192189


-0.0156119280
-0.6547934413
-0.8019960523
-2.0267534256

-1.4058321714
0.2090800405
0.2033832967
-1.0979712009

-1.0539444685
0.4507718086
0.2631492615
1.0471119881

-0.3245223463
-0.3125087619
0.4576859176
0.2330442518


-0.0917021483
-0.5726002455
-1.0095903873
1.1495196819

-0.6193482876
-0.8970795870
0.3408851326
2.6765379906

-0.3129303157
-0.7280812263
0.8669435978
-0.5213059187

-0.1031171381
-0.7831518650
-2.1206183434
-0.7145501375


-0.7255964875
-0.6409645081
-1.2636735439
3.9977507591

-0.9045997858
-1.7301719189
-1.5266695023
-0.0100077167

0.3611094058
-1.2992411852
-1.7271261215
-2.4270205498

4.7656426430
4.8051209450
0.4933912754
-0.3446404040


0.2740109563
0.8026660085
-0.7447866201
-4.3469710350

0.1204369590
0.3255997896
0.0982917026
0.4925530553

-0.4655338228
1.2582846880
4.1020636559
3.9333715439

-1.1794911623
-1.5674937963
-0.6282417178
-1.3918257952


-0.2314548492
-0.6766599417
0.9523455501
1.4698526859

-0.1451764703
-0.1296022534
0.4828801155
1.3819664717

0.8594369292
-0.3111491501
-0.9953371882
1.5335775614

2.8698482513
0.1334537566
-0.2111845911
0.4481741786


0.2733127177
1.0803300142
0.6879320145
-0.4514361918

0.8555246592
0.3638062775
-2.1276664734
0.5595492721

0.4902570546
-1.1110814810
-1.3743711710
0.1493347138

2.3856635094
1.5605062246
-0.0587127209
-0.2485783249


-1.5752642155
-1.1777181625
1.3049466610
2.4310905933

-1.5358054638
-1.0837118626
-0.0947132409
1.6181037426

-1.1904935837
-1.4685711861
-2.1748719215
-1.1607275009

4.0127744675
3.1320359707
-0.6808544397
-0.0734605193


-0.5623858571
-0.7026902437
-1.9742091894
1.0094763041

-1.0825434923
-0.5373320580
1.1902543306
2.5460770130

-1.1815353632
-0.0509810075
-0.2881797850
-0.2364503741

-0.8973680139
-1.0223155022
-3.0648715496
0.3989848197


1.3123260736
1.3402544260
1.0912640095
1.7386486530

1.6653355360
-0.9862382412
-0.2167815864
3.4360911846

2.1254439354
-1.2251257896
-0.5933623314
1.6529686451

2.9267053604
-0.7054731250
0.2095967233
1.0629162788


0.5574951768
-0.1963819414
-0.9312376976
-1.1532276869

-0.0005513555
-0.7314683199
0.5992475152
-0.4979720116

-0.3684685826
-0.0535355657
0.8351099491
0.1141995117

-0.8095637560
0.1521449387
0.8406186104
0.0983474404


-0.5213772058
-0.7234631777
0.1970877647
1.1435033083

-0.7044777870
-0.0174771547
0.2942054272
0.4281571507

0.0736948252
-0.6325998902
-0.9759830832
-0.6676697135

0.5807973146
1.3411068916
1.5714352131
1.1183109283


0.1702657938
-1.8333339691
0.4311504066
-0.5553767681

-0.9938922524
1.6591809988
0.7859129310
-1.2684808969

-1.0229933262
2.0669558048
-1.0511778593
-1.3524340391

0.4390226901
0.6720741391
-0.1910152733
0.7780197263


1.0091478825
0.9570609331
0.1193595976
-0.2872387469

1.1267145872
-0.4572598934
-0.6496461630
1.0660922527

0.7456877828
-0.2492955476
0.3108486533
1.1555508375

1.3525420427
1.3469150066
0.2849879861
-0.1494169682


1.0589555502
-1.4259550571
-1.9764691591
1.3759262562

-0.2160391659
-0.4435840547
3.2694487572
1.9089188576

0.3357159197
0.7732166648
2.0112781525
-2.6736273766

-0.3051672876
-1.1944016218
-2.4974837303
1.7449941635


1.3570668697
3.5000133514
2.4942719936
-1.3130033016

3.1479551792
1.7978770733
-1.9430335760
0.7670518756

2.1795139313
-1.1457787752
1.1660168171
1.8556338549

1.4650372267
0.6840391755
1.4312000275
-0.1688026935


-0.4881149530
1.5374943018
2.6175549030
-0.0135245398

0.1274813414
2.3022637367
-0.5854277611
0.9290851951

-0.0912382305
-0.8199343681
0.3036104143
1.3328182697

2.6952862740
2.7323081493
2.0455763340
2.2942528725


2.2731270790
1.1324715614
-4.6197094917
-1.5688614845

1.0895915031
-0.6409882903
1.9680474997
-1.1551034451

-1.3301553726
2.1076080799
2.0256345272
-2.0105371475

-0.0696028247
1.1279718876
-2.0105133057
0.8883264661


-0.3777453005
2.4727830887
2.8937480450
-2.0696094036

1.3183652163
2.0193810463
-1.3097444773
0.6954336762

-0.0373199135
-0.8044214249
2.4697792530
2.7056717873

-0.2171836793
1.5799930096
2.3151445389
-0.3451148272


0.7997540236
2.2591912746
1.1781080961
-3.1679036617

0.4045690000
0.0258876905
-3.6294667721
-0.2986931801

-0.8284850121
-0.6018737555
3.5565245152
2.1995015144

0.5888457298
1.9453200102
3.6043665409
0.0664861724


1.1692411900
0.3322390914
-0.1819276214
0.8310101628

0.7853844762
-1.5114297867
-0.4035538733
-0.8766248226

-0.3165017962
-1.0196871758
-0.5436916947
-1.1828627586

1.5506708622
1.0212233067
1.5575287342
0.2920699120


0.0546378344
0.1062631831
-0.3199513853
0.1268540621

1.9358232021
0.8147237897
0.0146935508
-0.0528484955

1.5724350214
-0.6377465725
0.4523032010
0.1423417330

0.6977574229
-1.4466884136
0.4659172297
0.3531594574


-0.5928324461
0.7877515554
0.5687120557
-1.2036865950

1.1813259125
2.1246960163
-0.4242973626
0.6016658545

2.0045447350
1.0238089561
-1.5334954262
1.1260216236

-0.2345191538
-0.1334871948
0.4385593534
0.6686823964


-1.5052953959
3.5193233490
3.9138660431
-0.1659053266

1.6073315144
2.4630174637
-1.6224461794
-1.0984424353

0.1862411797
-1.8389966488
0.7996477485
3.9145250320

0.6446523070
4.1364021301
5.4699745178
3.2402272224


-0.0307870433
-0.2063584030
0.5599095821
0.9734077454

0.1722070575
-0.6328704953
0.2255836725
1.7678858042

0.4560490251
-0.8568465114
-0.0164772645
1.4031983614

2.3925268650
-0.5775379539
0.8160994649
0.7938638330


-0.8661700487
0.7958420515
0.8210059404
2.2972745895

0.2680260241
0.0367172062
0.2806077302
1.4713977575

0.7201236486
-0.1554756463
-1.8379446268
0.4560510218

1.8220638037
4.4738831520
-0.3423484862
0.0619215667


0.3021176457
0.1317237318
-0.0455288589
2.3745980263

0.8863856196
0.4754284620
1.2535353899
2.8319101334

1.6688448191
2.2150211334
2.0526480675
0.5940408111

1.4307094812
1.6038401127
0.1105673313
-0.3914577365


-0.8298730850
-0.7888075113
2.1801657677
1.5642932653

-0.8993766904
1.1921308041
1.8891363144
1.2080657482

-1.2932931185
-1.7178767920
-1.1238251925
-1.3194167614

-0.9426467419
-2.1255822182
1.2309856415
1.8107342720


-0.3710996509
0.6694014668
0.9155930281
-0.5739631057

0.8047453761
1.4472284317
-0.9884555340
0.3597353995

1.4672689438
0.6611194611
-1.8557939529
0.6667841673

2.0184535980
1.1466892958
-0.8100603223
-0.6963894367


-1.4507901669
3.4006648064
4.7644429207
2.3160860538

0.5580679774
2.9906935692
0.7626225948
-2.0809218884

0.2379745990
-0.7923854589
-3.3338563442
2.8684279919

1.6062710285
4.7085623741
6.3746819496
4.2374439240


1.0905131102
-1.5559591055
-2.1629133224
-2.0242900848

-0.4312736988
-0.1508372873
0.2994432449
0.1891160160

-0.9040639997
-0.8125853539
-0.1244119853
-0.0453206152

-0.5370495319
-3.6473340988
-2.4242329597
0.2809162736


-0.7833651900
2.7663550377
2.5556454659
-0.5754442811

0.9094078541
1.9379581213
-1.0927678347
0.5134549737

0.2792917490
-1.5229979753
-0.6087164283
2.1827449799

1.3866971731
1.8242057562
2.3282904625
2.8017182350


-0.7734794617
-1.0731238127
0.9680789113
0.6886457801

-0.4322899282
3.3180959225
2.3153362274
-0.4289271533

3.0142602921
5.2525582314
-2.0637788773
1.0134017467

2.7226760387
2.2209320068
-0.0202727988
2.2129573822


